PGS#
Force Values:
1023
991
959
927
895
863
831
799
767
735
703
671
639
607
575
543
511
479
447
415
383
351
319
287
255
223
191
159
127
95
63
31
-1
-33
-65
-97
-129
-161
-193
-225
-257
-289
-321
-353
-385
-417
-449
-481
-513
-545
-577
-609
-641
-673
-705
-737
-769
-801
-833
-865
-897
-929
-961
-993
Positive Damping values:
127
123
119
115
111
107
103
99
95
91
87
83
79
75
71
67
63
59
55
51
47
43
39
35
31
27
23
19
15
11
7
3
-1
-5
-9
-13
-17
-21
-25
-29
-33
-37
-41
-45
-49
-53
-57
-61
-65
-69
-73
-77
-81
-85
-89
-93
-97
-101
-105
-109
-113
-117
-121
-125
Negative Damping values:
-127
-123
-119
-115
-111
-107
-103
-99
-95
-91
-87
-83
-79
-75
-71
-67
-63
-59
-55
-51
-47
-43
-39
-35
-31
-27
-23
-19
-15
-11
-7
-3
1
5
9
13
17
21
25
29
33
37
41
45
49
53
57
61
65
69
73
77
81
85
89
93
97
101
105
109
113
117
121
125
System Variables:
0
0
0
0
0
0
0
0
0
0
0
0
0
0
0
0
0
0
0
0
0
0
0
0
0
0
0
0
0
0
0
0
System Pointers:
0
0
0
0
0
0
0
0
0
0
0
0
0
0
0
0
0
0
0
0
0
0
0
0
0
0
0
0
0
0
0
0
Flag Variables:
0
0
0
0
0
0
0
0
0
0
0
0
0
0
0
0
0
0
0
0
0
0
0
0
0
0
0
0
0
0
0
0
Flag Pointers:
0
0
0
0
0
0
0
0
0
0
0
0
0
0
0
0
0
0
0
0
0
0
0
0
0
0
0
0
0
0
0
0
END
