
583 14 32
551 0 16
533 41 16
495 44 30
513 28 42
321 34 10
818 28 26
820 50 62
631 0 7
600 46 12
720 20 50
644 62 10
426 20 38
524 6 76
486 56 24
317 0 17
502 10 28
442 10 33
620 88 6
404 54 14
355 38 6
534 18 6
492 0 16
262 15 15
444 42 20
482 22 36
323 6 29
287 20 19
631 40 2
742 0 12
686 20 60
537 22 27
1105 32 82
754 36 48
660 24 32
616 0 35
544 56 14
315 12 26
788 39 20
653 18 28
789 36 28
474 11 49
435 0 46
813 38 35
596 42 33
572 20 46
370 32 0
1242 8 50
832 46 56
688 0 18
690 22 88
468 16 34
618 30 12
504 16 62
686 40 26
393 28 14
486 0 26
788 20 25
659 38 37
476 14 40
638 54 28
842 29 65
668 18 34
34 0 0
18 2 0
34 2 2
6 2 0
26 2 0
6 2 0
10 2 2
30 2 0
18 2 0
22 2 0
6 2 0
26 2 0
6 2 0
18 2 0
10 2 0
22 2 2
6 2 0
30 2 0
18 2 0
22 2 2
6 2 0
14 0 0
22 2 2
22 2 0
10 2 0
30 2 0
18 2 0
26 2 0
516 36 24
545 0 27
1088 8 59
272 14 18
620 32 32
518 2 32
504 45 22
177 26 6
792 0 25
805 14 36
1055 90 0
472 24 48
655 33 40
540 38 38
793 42 10
373 0 46
882 77 4
613 16 28
522 28 20
284 16 8
445 30 17
268 12 18
28 0 14
670 22 34
1070 30 38
919 73 64
415 18 30
628 10 69
243 21 20
749 16 44
559 0 30
120 12 14
28 10 6
96 6 14
10 14 14
30 14 14
44 6 14
172 14 14
42 6 6
470 24 31
492 22 20
344 40 20
702 0 82
300 35 48
786 54 20
925 0 38
14 6 10
122 18 10
34 14 10
142 14 2
178 10 0
62 6 14
12 14 6
26 14 0
168 6 2
138 10 6
126 6 2
66 2 14
66 2 2
82 2 10
174 18 14
30 2 6
182 14 10
118 0 0
122 10 0
74 6 2
182 2 0
166 18 2
166 6 0
78 10 6
114 6 2
58 18 0
30 2 0
14 2 0
74 6 0
130 14 0
168 5 14
158 5 14
40 5 10
92 3 2
94 7 0
78 14 0
170 6 6
122 0 10
186 10 2
116 18 2
1056 61 30
1124 21 52
902 76 0
497 30 24
739 102 43
612 42 16
738 0 48
517 19 30
721 28 27
360 35 12
851 52 24
775 68 50
628 30 20
544 0 45
1025 58 20
377 22 31
516 50 22
994 40 58
776 48 22
469 49 20
537 0 16
1059 50 40
170 4 10
194 18 6
698 12 46
598 32 16
766 34 40
110 14 2
34 4 2
450 46 8
585 0 29
612 50 12
692 52 46
686 68 2
351 46 32
50 16 2
869 78 7
452 0 34
361 28 19
814 42 12
664 24 44
447 38 24
934 60 120
549 40 30
368 0 16
671 32 59
945 72 30
822 22 32
624 39 14
730 38 38
794 94 6
864 0 46
162 14 0
837 35 48
508 42 22
389 63 0
590 42 12
614 16 26
802 0 32
152 12 2
314 18 34
642 8 46
765 63 22
248 6 16
508 24 46
985 0 24
1115 58 68
616 20 44
870 36 52
938 58 42
526 18 54
8 14 0
114 0 0
704 44 24
564 16 54
479 52 10
551 16 46
98 15 2
217 17 4
427 0 34
639 0 39
640 40 34
604 10 30
424 30 16
287 20 30
677 28 18
450 44 0
294 0 30
490 30 44
390 30 50
482 18 54
465 22 38
444 30 16
792 36 44
387 0 22
612 34 12
697 24 34
594 36 24
475 55 12
904 30 50
738 30 62
479 0 25
340 44 20
632 24 34
747 52 26
795 28 18
661 48 30
372 42 16
478 0 36
78 2 18
650 31 36
504 33 22
468 58 12
825 18 50
544 42 18
1155 0 34
548 18 42
76 2 10
2003 110 42
663 46 26
494 10 16
548 10 31
523 0 20
569 27 34
452 16 28
577 24 24
528 18 44
355 21 2
847 29 10
881 0 60
846 40 9
526 10 46
548 26 28
523 25 29
663 10 25
692 32 34
496 0 36
730 38 24
865 44 24
604 42 11
295 16 52
438 44 10
224 8 17
580 0 34
394 7 24
448 26 26
621 25 36
454 16 34
543 37 31
587 24 4
1017 0 28
1017 16 66
550 23 30
411 14 22
440 22 38
1146 26 72
886 22 61
688 0 41
760 19 16
968 34 6
561 34 17
442 34 30
777 36 40
590 18 32
836 0 46
880 32 40
838 16 46
560 19 36
944 17 30
637 48 28
449 39 42
572 0 28
507 35 8
776 22 24
466 30 35
437 22 25
628 44 32
683 50 36
780 0 40
626 12 55
837 10 49
1082 40 27
982 44 10
496 37 12
362 44 51
174 0 14
66 10 2
108 7 18
36 1 2
160 14 10
52 6 2
80 18 0
106 4 2
168 14 6
194 6 18
24 10 14
12 10 14
146 14 10
188 6 2
8 10 10
128 18 10
60 2 2
136 2 18
164 6 6
144 6 6
64 10 12
4 0 1
4 10 10
172 6 6
86 18 5
74 2 1
164 6 1
152 14 2
60 2 4
180 14 0
0 18 2
8 2 2
180 14 0
44 6 0
124 2 0
48 6 2
186 14 2
148 2 0
4 10 0
112 6 0
92 10 0
88 0 0
56 2 0
192 2 14
28 6 6
64 6 2
104 14 0
132 6 0
20 18 0
104 6 0
52 6 2
96 10 0
190 14 14
76 14 0
132 14 0
156 12 0
92 10 0
32 14 6
44 10 0
176 6 12
112 14 0
164 0 0
20 18 0
160 10 0
100 6 0
144 14 0
92 14 0
64 14 0
48 10 0
60 2 0
60 17 0
44 1 0
176 6 0
132 2 0
20 2 0
120 14 0
156 10 0
128 6 2
44 6 0
172 2 0
76 10 0
0 0 0
136 14 0
44 6 0
176 10 0
124 6 0
116 2 0
80 14 0
108 10 0
48 6 0
162 10 2
124 18 0
104 8 0
8 2 0
168 2 0
8 0 0
160 0 4
0 2 0
72 10 0
172 10 0
0 14 0
108 0 0
160 10 0
48 10 0
36 6 0
4 10 6
128 14 0
80 6 0
80 2 0
188 2 0
136 6 2
136 10 0
172 14 2
647 32 2
610 48 30
966 22 44
48 0 0
120 4 0
12 8 6
68 16 0
164 8 0
72 4 0
36 4 0
144 16 0
180 12 0
172 4 0
64 4 0
156 0 0
84 16 0
18 16 2
56 8 10
156 4 0
100 20 0
72 16 0
100 0 0
176 8 0
88 0 0
96 16 0
64 12 18
140 0 0
144 10 0
196 8 0
40 8 0
76 16 0
152 16 0
0 16 0
112 16 11
176 8 0
200 0 0
144 20 0
172 12 0
132 8 0
176 12 0
84 16 0
4 8 0
100 8 0
100 0 0
180 4 0
44 4 0
108 0 0
92 20 0
36 4 0
40 16 0
8 4 0
176 16 0
192 20 0
68 16 14
24 10 0
196 12 0
36 0 0
60 4 0
156 0 0
24 16 0
132 8 0
176 8 0
136 12 0
172 0 0
8 4 0
128 16 0
40 8 0
96 20 0
48 8 0
56 16 0
108 8 0
152 16 0
168 0 0
116 12 0
88 18 0
8 1 0
112 8 0
24 8 0
182 0 6
68 0 0
188 16 2
184 4 0
188 12 0
36 0 0
184 0 0
106 12 6
152 0 0
172 4 0
56 16 0
8 0 0
136 12 0
156 8 0
128 12 0
8 8 0
12 12 0
188 16 0
32 12 0
80 4 0
92 8 0
132 4 0
8 8 0
44 0 0
168 16 14
20 0 0
156 4 0
48 8 0
68 12 0
116 16 0
8 8 0
188 4 0
188 12 14
180 12 17
28 8 0
8 8 0
52 20 0
192 16 0
184 16 0
148 0 0
184 0 0
92 12 0
76 12 0
112 4 0
160 16 0
12 0 0
88 4 0
160 12 0
28 8 0
172 16 0
64 16 2
44 16 0
72 12 2
132 20 0
92 4 0
24 12 0
40 4 0
124 20 0
160 20 0
116 4 0
28 0 7
164 8 0
56 12 3
64 4 0
100 16 0
132 0 0
148 8 1
12 8 0
0 4 0
36 8 0
140 4 0
108 16 3
152 0 0
44 4 0
12 12 0
188 0 0
52 12 0
128 0 0
64 0 0
64 16 0
172 8 0
116 4 0
52 4 0
192 8 2
24 0 0
32 0 0
196 0 0
160 0 0
6 0 6
192 0 0
76 16 14
36 16 0
40 16 0
40 16 0
48 0 10
40 0 7
122 0 7
98 8 9
192 8 14
196 0 12
140 0 0
60 12 0
132 12 0
108 12 0
8 0 0
196 12 0
0 16 0
64 0 14
28 0 16
194 0 4
80 0 5
148 16 0
16 12 0
100 4 0
4 4 0
172 4 0
88 20 0
172 0 0
136 16 0
164 16 12
72 4 8
186 0 0
16 0 0
168 16 0
108 0 12
164 4 0
156 8 0
112 4 0
92 16 0
172 16 0
188 16 0
64 0 0
120 20 0
88 12 0
152 16 0
120 8 0
36 16 0
40 16 0
188 8 0
92 16 0
120 16 0
168 0 0
188 8 0
176 8 0
88 16 0
172 4 12
108 12 12
28 4 0
32 12 0
32 12 0
148 8 12
88 8 12
180 12 0
130 12 4
68 8 4
8 8 8
144 8 8
48 12 8
44 4 4
48 0 0
192 8 0
188 0 12
120 8 0
16 0 14
76 0 6
40 0 0
54 0 0
168 12 0
112 4 6
116 16 0
56 0 0
120 4 8
152 16 12
160 20 0
164 0 0
28 0 8
46 0 0
192 4 4
128 0 4
144 4 0
164 8 4
8 0 0
40 4 0
148 8 4
20 0 8
152 0 4
64 4 4
180 16 8
24 16 0
16 8 0
172 8 0
80 12 8
128 8 8
28 12 0
96 0 0
156 12 0
112 12 0
184 12 0
12 0 0
188 12 0
188 12 0
120 0 0
80 16 0
128 20 0
140 16 0
196 20 8
72 16 0
44 4 0
168 8 0
172 0 0
128 0 0
116 0 0
36 0 0
192 0 0
172 16 0
72 4 8
120 4 0
112 8 0
128 4 0
116 12 0
28 16 0
156 0 0
140 0 0
116 0 0
120 8 0
24 4 0
176 4 0
68 0 0
48 8 0
32 4 0
92 4 0
172 0 0
16 12 0
104 8 0
52 4 0
108 16 0
24 16 0
120 0 0
24 4 0
164 4 0
136 0 0
60 0 0
60 12 4
100 8 0
40 8 0
140 4 0
60 0 0
164 16 0
196 16 0
144 0 0
24 4 0
184 4 0
72 4 0
152 4 0
198 12 0
160 16 0
190 12 0
124 16 0
156 4 0
168 0 0
52 20 0
20 0 0
164 4 0
156 4 0
168 12 0
52 8 0
128 16 4
172 0 0
44 0 0
128 0 0
148 0 0
100 0 0
196 0 0
88 0 0
64 0 0
156 0 0
160 4 0
136 4 0
144 0 0
96 0 0
36 8 0
68 0 0
80 4 0
8 4 0
128 12 0
192 20 0
92 4 0
72 4 0
28 0 0
132 12 0
68 8 0
144 4 0
48 0 0
72 12 0
196 12 0
156 8 0
32 4 0
156 8 0
120 16 0
92 16 0
104 8 0
172 0 0
140 8 4
176 20 0
108 4 0
160 4 0
188 4 4
84 4 0
44 12 8
144 20 0
168 0 0
56 16 0
120 12 0
152 8 8
104 8 8
156 4 0
4 16 0
192 8 0
172 4 0
164 8 0
112 8 0
12 0 0
108 12 0
124 12 0
88 8 0
132 0 8
168 16 0
100 16 0
80 16 16
0 16 0
132 8 0
32 8 20
112 12 0
108 12 4
68 12 0
24 4 0
52 8 0
172 12 0
100 12 6
88 16 16
80 12 20
92 0 8
172 20 8
144 0 0
172 12 0
88 12 0
14 0 4
8 14 0
20 10 2
176 14 0
128 10 0
144 14 0
32 6 0
46 6 0
116 10 0
136 10 0
28 2 0
64 10 0
32 10 0
56 10 0
156 14 0
180 0 0
104 12 14
112 9 0
4 7 0
44 9 6
140 3 0
152 9 0
104 2 0
16 2 0
48 2 0
96 10 0
128 14 10
12 16 0
136 3 0
156 3 0
116 14 0
24 10 6
184 14 0
104 14 0
148 10 0
196 0 0
136 6 0
144 18 10
4 11 0
148 6 0
132 14 0
172 14 0
88 2 0
128 2 0
72 2 0
56 6 6
72 10 0
124 2 0
120 6 0
20 6 14
132 6 0
40 6 0
120 2 0
112 10 0
112 10 0
152 0 14
86 14 0
180 2 0
172 6 0
188 10 2
68 2 0
184 2 0
132 2 14
172 10 0
184 2 0
76 6 0
112 14 0
120 6 0
40 18 0
12 2 0
80 6 0
168 2 0
112 14 0
116 6 6
92 6 0
56 0 10
64 2 14
132 2 0
140 2 0
116 10 6
124 0 0
128 6 0
92 14 0
140 2 0
140 10 0
32 10 0
176 6 0
160 14 0
44 2 0
168 2 10
16 18 0
164 10 0
84 2 0
44 10 0
184 10 0
108 0 0
168 6 0
56 2 0
146 6 0
32 2 14
154 14 6
4 10 0
132 14 0
192 14 0
104 2 0
116 10 14
176 14 14
269 5 13
22 10 0
150 14 0
94 3 13
190 10 0
34 10 0
186 14 7
98 14 14
170 0 0
90 2 10
110 9 0
22 2 5
178 6 2
86 14 0
90 6 0
30 10 0
94 10 4
110 14 0
126 2 0
58 2 0
50 14 0
26 10 9
2 18 0
82 6 0
86 2 0
50 18 0
174 14 0
118 2 0
190 0 0
14 10 10
90 2 6
22 6 0
170 14 0
90 1 2
62 2 0
158 2 0
74 10 0
118 14 0
138 5 0
38 2 0
190 2 0
186 5 2
154 6 0
178 6 0
106 10 0
182 2 2
70 18 0
90 6 0
162 0 0
170 7 0
142 1 0
50 5 0
2 7 0
74 10 0
62 10 0
70 6 0
182 6 0
142 2 0
162 10 0
182 11 0
54 2 0
46 2 0
58 14 0
70 14 0
26 10 10
182 6 14
70 14 14
106 10 6
110 0 0
60 4 6
190 18 0
105 20 2
122 10 0
6 6 0
134 6 10
74 6 0
70 2 0
186 14 0
146 2 0
42 6 0
78 6 0
166 10 0
118 18 0
42 2 0
178 2 0
46 10 0
38 5 0
142 9 6
42 0 0
146 5 0
170 6 14
190 10 0
166 2 18
172 0 0
6 14 0
2 4 0
194 0 0
34 0 0
26 2 0
194 2 0
66 4 0
178 0 10
198 2 0
194 14 0
70 6 0
38 14 14
194 8 0
10 2 0
46 0 0
110 0 0
82 2 0
46 6 0
186 2 0
142 10 0
14 0 0
158 0 0
138 0 0
160 0 0
66 6 0
150 6 0
182 6 2
22 6 14
76 4 0
152 8 2
160 12 2
172 12 0
72 8 14
132 0 0
120 4 0
136 12 0
48 4 0
136 0 6
124 12 0
40 16 0
40 20 0
104 16 14
188 4 0
16 0 18
192 4 0
4 0 2
124 4 2
84 4 2
108 0 2
44 4 0
40 0 0
88 0 0
100 4 0
36 12 0
12 16 14
64 0 0
104 4 2
140 8 2
120 4 14
196 16 0
116 4 0
54 12 0
160 4 0
52 4 0
64 0 6
192 12 0
104 16 0
196 8 0
96 8 0
152 12 14
124 16 0
152 0 0
188 0 0
124 8 2
202 12 9
144 4 0
116 8 0
16 0 0
152 16 0
172 20 0
4 4 0
72 12 0
148 20 0
84 12 0
128 0 0
100 12 7
40 8 0
176 8 0
108 0 0
16 0 0
172 4 0
72 0 0
40 4 0
160 16 2
116 20 0
106 4 0
50 16 2
52 12 2
4 12 0
52 8 6
164 12 6
40 12 6
0 16 0
28 4 0
94 4 2
68 0 2
86 12 0
100 0 0
24 12 0
70 0 0
200 0 0
140 0 0
148 0 0
196 0 0
70 12 6
126 8 6
164 0 0
194 12 0
112 16 6
2 0 6
464 20 18
683 38 28
200 25 34
141 2 0
590 47 23
895 0 4
202 3 29
1166 107 3
655 52 24
778 24 8
623 42 10
452 44 32
56 0 0
92 0 7
40 0 0
84 6 0
104 2 0
124 6 0
172 10 0
44 0 9
96 0 0
60 2 0
112 10 1
156 2 0
140 6 0
88 6 2
44 14 10
8 10 9
20 10 3
88 14 1
108 10 7
60 14 0
32 0 3
180 10 0
76 14 14
10 6 10
16 14 4
104 14 14
120 18 14
82 10 0
12 10 10
68 6 14
46 10 4
652 16 44
786 38 24
818 24 67
332 0 13
790 114 22
645 34 24
927 20 72
741 60 24
220 6 8
1125 50 40
1172 0 42
499 14 36
789 55 16
411 10 32
555 31 20
66 16 16
588 32 36
437 0 43
128 6 0
315 14 30
456 60 24
769 9 41
756 38 66
526 52 45
433 0 28
1010 52 58
504 48 8
18 18 6
792 45 32
156 10 0
22 2 14
874 42 48
790 20 46
615 0 36
623 18 18
334 24 8
416 31 28
196 8 4
424 18 30
323 23 20
666 0 33
603 26 24
356 46 2
571 48 6
674 35 34
852 33 62
600 44 28
164 0 14
331 77 10
30 4 4
416 38 22
168 10 10
762 37 46
730 10 68
246 19 18
281 6 15
515 59 36
593 0 54
1242 71 42
874 27 38
22 20 12
1126 36 46
178 10 0
142 10 14
214 10 2
172 18 6
20 18 18
124 14 2
214 18 18
86 18 10
182 0 6
86 2 0
74 6 6
48 10 6
126 10 18
10 18 14
10 10 18
102 6 0
32 2 6
214 6 14
74 10 0
142 14 6
182 20 14
170 3 2
34 1 6
102 9 14
66 14 0
20 6 10
42 11 6
102 10 18
38 0 6
142 6 10
194 20 0
94 2 0
190 4 22
136 7 14
14 2 2
176 6 14
32 2 2
122 14 6
214 2 12
84 14 2
218 2 4
142 14 8
670 27 24
819 24 0
936 0 96
862 28 24
510 48 28
16 8 16
548 50 28
750 38 41
469 35 36
106 0 0
432 49 48
830 42 46
513 18 38
708 40 57
549 22 39
80 2 18
724 18 80
490 0 40
659 37 24
631 12 30
1169 94 24
502 16 42
643 46 26
772 28 32
796 0 18
853 24 38
757 22 72
612 40 18
783 50 31
603 14 56
174 6 14
824 0 36
662 70 24
1236 4 89
723 60 86
348 54 22
535 22 35
126 14 14
356 0 32
634 36 43
40 18 18
108 14 10
573 57 10
771 32 49
188 10 2
8 14 14
551 18 13
840 0 10
200 18 22
513 39 24
1044 14 57
68 10 18
589 54 16
776 8 43
66 14 18
651 18 14
780 0 14
979 64 42
1088 28 32
158 18 6
224 18 10
646 36 30
751 40 32
102 11 18
678 39 44
54 0 10
960 69 6
904 26 34
30 3 12
130 6 4
571 28 22
730 22 33
76 6 18
30 6 2
2584 213 252
224 0 5
16 9 9
804 12 45
1007 32 22
700 8 54
977 52 33
146 18 18
62 18 14
462 38 30
865 0 53
764 36 14
999 14 59
8 18 0
136 7 0
154 5 0
164 1 10
170 11 10
664 38 39
659 36 34
1244 0 49
794 64 16
372 42 20
548 31 18
20 6 6
220 18 14
100 22 22
570 67 19
734 12 32
655 0 36
76 18 6
168 22 18
142 8 10
216 3 10
584 26 25
556 42 32
1036 32 38
12 14 6
950 36 77
714 0 4
52 10 10
537 9 32
404 22 36
790 22 12
1236 56 28
845 36 53
688 0 31
546 36 32
204 6 6
208 6 14
76 2 22
44 10 6
46 6 18
14 2 10
224 14 18
98 6 10
368 42 36
690 14 73
864 36 16
180 0 1
685 12 69
665 53 34
1182 54 25
543 16 36
18 4 6
467 36 30
920 90 12
592 0 30
725 42 45
444 24 58
204 4 12
762 70 34
756 22 12
340 38 30
489 19 60
852 0 30
602 32 22
1247 48 54
834 53 9
473 14 39
679 20 23
943 2 26
742 0 38
747 54 12
645 11 32
621 49 6
946 10 63
662 7 44
849 28 33
666 0 52
732 24 42
588 71 18
790 44 22
624 28 43
922 49 18
802 16 55
534 0 34
80 8 16
596 18 27
472 15 18
38 6 12
16 22 8
746 24 51
44 16 4
6 0 8
350 18 20
722 16 40
68 16 13
380 10 24
172 6 16
126 18 4
150 6 4
82 2 8
70 10 16
36 14 12
18 10 16
12 18 8
960 25 34
10 0 12
720 60 12
44 4 8
477 6 82
2855 242 220
100 2 4
456 18 40
672 26 26
943 49 34
899 0 46
903 18 28
667 31 30
710 10 28
50 12 4
758 28 26
771 36 43
345 8 34
1158 0 76
699 30 62
485 44 30
761 20 46
654 24 36
414 18 24
761 42 51
766 0 14
425 39 52
697 44 8
554 42 16
659 57 32
698 34 30
721 2 52
906 0 27
654 18 31
178 16 4
973 31 44
918 28 29
428 38 14
886 28 79
190 0 8
590 28 24
501 27 26
744 27 54
172 18 4
480 31 40
288 27 26
730 52 20
464 0 14
420 30 6
896 9 35
816 28 18
710 25 46
625 40 23
512 2 38
742 0 37
626 46 40
661 40 4
483 27 6
795 52 32
737 26 23
745 47 20
447 0 32
718 32 39
0 3 0
56 10 0
489 28 33
178 20 12
468 35 28
152 6 0
650 48 20
657 34 14
620 0 46
553 51 16
380 6 45
477 47 8
180 5 4
628 15 33
465 20 22
394 0 12
576 30 26
439 25 22
442 24 8
804 71 21
418 30 26
527 48 37
456 0 18
365 38 10
416 20 26
422 30 24
747 22 28
419 9 29
692 25 29
574 0 36
449 20 39
589 44 26
433 11 47
562 48 32
820 20 30
758 24 36
414 0 24
470 13 17
809 22 26
693 15 37
1104 0 25
2 0 0
2 0 0
2 0 0
2 0 0
2 0 0
2 0 0
2 0 0
2 0 0
2 0 0
2 0 0
2 0 0
787 38 29
874 18 70
98 0 6
66 10 10
212 34 19
822 42 24
435 41 8
890 49 30
816 25 39
361 39 41
698 0 51
618 29 29
457 16 31
162 16 2
529 18 24
522 14 40
424 0 45
900 47 25
719 52 37
850 44 30
914 34 22
489 8 40
1034 57 14
19 0 10
1376 70 27
854 18 38
484 22 44
180 0 12
84 2 0
162 12 6
146 12 0
534 36 14
146 14 0
68 18 14
846 32 52
585 0 32
450 28 59
640 40 16
654 20 37
648 23 33
1082 33 2
324 39 36
170 0 10
164 10 0
44 10 10
1030 42 20
443 30 26
422 18 28
996 10 16
400 24 15
600 70 18
443 0 30
130 8 8
152 10 16
162 8 13
110 8 1
706 12 20
570 29 42
930 47 17
140 16 6
554 30 30
192 0 2
168 8 0
56 12 0
96 16 16
24 2 0
138 4 12
166 8 12
796 51 20
318 37 25
659 20 36
542 22 55
874 20 44
94 0 4
32 12 4
872 40 18
748 13 42
610 41 14
20 2 0
8 2 0
8 2 0
421 8 26
88 0 21
26 12 4
122 10 0
178 6 6
168 10 12
24 2 0
54 14 4
474 14 12
734 21 10
892 39 47
172 0 15
239 17 7
222 22 18
412 21 12
146 6 0
147 12 16
337 25 24
917 0 13
2035 11 0
47 7 0
34 0 0