
-352 -336 -320 -304 -288 -272 -224 -208 -144 -128 144 160 272 288 
-352 -336 -320 -304 -224 -208 -192 -160 -144 -16 0 160 176 
-320 -304 -240 -224 -160 -144 48 64 112 128 192 208 224 
-304 -272 -256 -192 -176 -16 0 96 112 128 176 192 256 
-256 -240 -224 -208 -192 -176 -144 -128 -48 -32 336 352 368 
-208 -192 -32 -16 0 144 160 208 224 240 272 288 
-304 -288 -160 -144 -96 -80 -64 -48 -16 0 160 176 256 272 320 336 
-336 -320 -304 -288 -272 -256 -208 -192 -176 -160 -128 -112 -32 -16 64 80 176 192 208 224 
-352 -336 -320 -304 -288 -224 -208 -96 -80 -32 -16 0 16 32 48 
-384 -368 -352 -336 -320 -304 -256 -240 -192 -176 -96 -80 96 112 336 352 
-320 -304 -288 -32 -16 32 48 64 80 112 128 224 240 256 
-352 -336 -192 -176 -160 -144 -96 -80 -64 -48 -16 0 32 48 80 96 224 240 
-304 -288 -224 -208 -192 -176 0 16 32 48 64 224 240 256 272 288 
-384 -368 -336 -320 -224 -208 -64 -48 0 16 208 224 352 368 
-352 -336 -240 -224 -192 -176 -144 -128 -80 -64 160 176 192 240 256 
-240 -224 -192 -176 -160 -144 -48 -32 -16 320 336 352 368 
-368 -352 -320 -304 -288 -272 -240 -224 -96 -80 128 144 160 176 224 240 
-336 -320 -128 -112 -96 16 32 80 96 144 160 224 240 
-352 -336 -320 -304 -288 -96 -80 -64 -48 80 96 
-208 -192 -128 -112 -64 -48 -32 32 48 64 80 112 128 256 272 352 368 
-336 -320 -288 -272 -256 -16 0 96 112 160 176 240 256 320 336 352 368 
-336 -320 -288 -272 -192 -176 -144 -128 -112 -96 96 112 256 272 352 368 
-384 -368 -352 -336 -48 -32 -16 192 208 240 256 352 368 
-384 -368 -208 -192 -112 -96 64 80 96 160 176 192 208 224 
-336 -320 -304 -144 -128 -64 -48 -16 0 32 48 64 304 320 368 384 
-384 -368 -336 -320 -288 -272 -240 -224 -176 -160 -144 -128 -112 48 64 336 352 
-400 -384 -368 -352 -336 -320 -16 0 96 112 272 288 
-400 -384 -368 -352 -336 -320 -304 
-336 -320 -256 -240 -192 -176 -32 -16 0 16 32 48 240 256 288 304 
-384 -368 -320 -304 -288 -240 -224 -208 -192 -160 -144 0 16 224 240 272 288 
-240 -224 -176 -160 -144 -32 -16 0 16 32 48 80 96 176 192 224 240 
-384 -368 -352 -192 -176 -96 -80 -64 -48 -32 64 80 176 192 272 288 
-368 -64 -48 -32 -16 32 48 128 144 208 224 240 256 320 336 
-368 -352 -224 -208 -128 -112 -16 0 16 96 112 128 144 336 
-400 -384 -352 -336 -304 -288 -272 -224 -208 -192 96 112 128 144 160 
-368 -320 -304 -16 0 96 112 128 144 224 240 272 288 
-416 -400 -384 -352 -336 -320 -304 -272 -256 -160 -144 96 112 160 176 
-416 -400 -384 -368 -352 -304 -288 -240 -224 64 80 
-384 -368 -176 -160 -144 -112 -96 -32 -16 96 112 144 160 272 288 320 336 
-352 -336 -176 -160 16 32 80 96 112 128 288 304 
-368 -352 -288 -272 -256 -192 -176 0 16 80 96 144 160 256 272 
-336 -272 -256 0 16 80 96 176 192 256 272 
-368 -352 -336 -128 -112 -48 -32 -16 0 112 128 144 192 208 256 272 288 304 
-400 -384 -368 -224 -208 -192 -176 -160 160 176 192 208 
-240 -224 -176 -160 -144 -128 -96 -80 -64 64 80 208 224 240 256 
-400 -384 -240 -224 -80 -64 0 16 32 48 112 128 224 240 288 304 
-320 -144 -128 16 32 144 160 256 272 288 304 
-352 -336 -320 -304 -288 -272 -192 -176 -16 0 32 48 64 80 208 224 240 256 
-384 -368 -352 -336 -128 -112 48 64 96 112 240 256 272 288 
-368 -352 -336 -320 -304 -288 -192 -176 -112 -96 -80 -64 48 64 224 240 
-384 -368 -352 -336 -176 -160 -112 -96 -32 -16 16 32 192 208 320 336 
-384 -368 -336 -320 -272 -256 -176 -160 -16 0 112 128 144 
-384 -368 -352 -336 16 32 112 128 144 192 224 240 288 304 
-352 -336 -320 -288 -272 -64 -48 112 128 144 176 192 224 240 272 288 
-336 -320 -240 -224 -160 -144 -64 -48 -16 0 16 208 224 240 256 320 336 
-352 -288 -272 -176 -160 96 112 144 160 304 320 
-400 -384 -352 -336 -320 -112 -96 -32 -16 0 16 48 64 160 176 272 288 
-416 -400 -368 -352 -336 -320 -304 0 16 32 80 96 240 256 272 
-416 -400 -384 -176 -160 -144 -80 -64 -48 -32 0 16 
-384 -368 -336 -320 -304 -288 -96 -80 0 16 272 288 336 352 
-384 -368 -336 -320 -304 -288 -272 -256 -176 -160 -144 -128 -64 -48 -32 -16 160 176 368 384 
-400 -384 -240 -224 -208 112 128 240 256 272 288 304 320 
-368 -352 -320 -304 -256 -240 -224 -208 -32 -16 160 176 192 208 240 256 
-80 -64 
-80 -64 
-80 -64 
-80 -64 
-80 -64 
-80 -64 
-80 -64 
-80 -64 
-80 -64 
-80 -64 
-80 -64 
-80 -64 
-80 -64 
-80 -64 
-80 -64 
-80 -64 
-80 -64 
-80 -64 
-80 -64 
-80 -64 
-80 -64 
-80 -64 
-80 -64 
-80 -64 
-80 -64 
-80 -64 
-80 -64 
-80 -64 
-416 -400 -384 -368 -352 -240 -224 -160 -144 -128 -112 320 336 
-352 -336 -320 -304 -288 -272 -256 -240 -224 -208 -192 -176 352 368 
-304 -288 -272 -160 -144 -128 -112 -80 -64 48 64 96 112 304 320 368 384 
-416 -400 -176 -160 -128 -112 -96 224 240 
-384 -368 -352 -224 -208 -144 -128 -112 -96 -48 -32 96 112 128 176 192 
-352 -336 -320 -272 -256 -224 -208 -192 -176 -80 -64 16 32 368 384 
-416 -400 -336 -320 -288 -272 -256 -208 -80 -64 192 208 272 288 
-400 -384 -368 -64 -48 256 272 288 
-336 -320 -224 -208 -128 -112 -96 -16 0 16 32 48 144 160 176 208 224 
-352 -336 -320 -224 -208 -112 -96 16 32 176 192 208 224 352 368 
-288 -272 -208 -192 -176 -32 -16 48 64 208 224 
-384 -368 -192 -176 -160 -144 16 32 208 224 240 272 288 
-400 -384 -368 -352 -336 -256 -240 -224 -208 -32 -16 192 208 240 256 288 304 
-400 -384 -368 -320 -304 -80 -64 -32 -16 128 144 160 176 240 
-416 -400 -384 -368 -288 -272 -176 -160 144 160 224 240 256 272 
-384 -368 -352 -272 -256 -144 -128 96 112 192 208 224 
-432 -416 -400 -352 -336 -160 -144 112 128 192 208 240 256 272 288 304 
-208 -192 -160 -144 0 16 32 48 64 80 96 192 208 240 256 
-432 -416 -400 -384 -160 -144 -128 -112 -96 48 64 80 160 176 
-432 -416 -96 -80 96 112 128 144 272 288 
-432 -416 -304 -288 -272 -240 -224 -176 -160 16 32 48 64 80 144 160 
-256 -240 -112 -96 -16 0 32 48 192 208 
-416 -400 
-256 -240 -208 -192 -112 -96 -48 -32 0 16 32 48 288 304 
-432 -416 -320 -304 -288 -272 -240 -224 -176 -160 192 208 240 256 
-432 -416 -384 -368 -336 -320 -224 -208 -128 -112 -48 -32 0 16 32 256 272 
-448 -432 -416 -400 -384 96 112 256 272 288 
-432 -416 -400 -288 -272 -256 -32 -16 16 32 208 272 288 
-416 -400 -224 -208 160 176 192 240 256 272 288 
-416 -400 -208 -192 -80 -64 -48 16 32 96 112 128 144 176 192 256 272 
-416 -400 -208 -192 -176 0 16 80 96 176 192 208 224 240 
-432 -416 
-416 -400 
-416 -400 
-416 -400 
-416 -400 
-416 -400 
-416 -400 
-416 -400 
-432 -416 -208 -192 -128 -112 176 192 256 272 288 304 
-432 -416 -192 -176 -112 -96 -64 -48 32 48 224 240 
-416 -400 -368 -352 -336 -320 -160 -144 -112 -96 
-336 -320 -128 -112 -96 -64 -48 128 144 208 224 304 320 336 352 368 
160 176 368 384 432 448 496 
-416 -400 -384 -368 -352 -240 -224 48 64 96 112 304 320 336 
-432 -416 -384 -368 -16 0 64 80 96 112 192 208 224 
-416 -400 
-416 -400 
-416 -400 
-416 -400 
-416 -400 
-416 -400 
-416 -400 
-416 -400 
-416 -400 
-416 -400 
-416 -400 
-416 -400 
-416 -400 
-416 -400 
-416 -400 
-416 -400 
-416 -400 
-416 -400 
-416 -400 
-416 -400 
-416 -400 
-416 -400 
-416 -400 
-416 -400 
-416 -400 
-416 -400 
-416 -400 
-416 -400 
-416 -400 
-416 -400 
-416 -400 
-416 -400 
-416 -400 
-416 -400 
-416 -400 
-416 -400 
-416 -400 
-416 -400 
-416 -400 
-416 -400 
-416 -400 -384 -256 -240 -208 -192 -112 -96 -48 -32 -16 0 16 32 352 368 
-304 -288 -256 -240 -224 -208 32 48 64 176 192 288 304 320 336 
-432 -416 -384 -368 -336 -320 -128 -112 -32 -16 0 16 144 160 320 336 352 368 
-320 -304 32 48 96 112 192 208 224 240 256 336 352 368 
-448 -352 -336 -320 -176 -160 -32 -16 0 224 240 336 352 368 
-432 -416 -368 -352 -272 -256 -240 -224 16 32 48 64 96 112 176 192 320 336 
-448 -432 -400 -384 -32 -16 0 16 160 176 240 256 
-432 -416 -224 -208 -160 -144 -128 -48 -32 144 160 192 208 
-256 -240 -224 -208 -144 -128 -112 -96 -80 288 304 336 352 
-448 -432 -208 -192 -64 -48 144 160 304 320 
-432 -416 -384 -368 -304 -288 -272 -240 -224 -176 -160 -32 -16 176 192 224 240 272 288 
-368 -352 -176 -160 -96 -80 0 16 64 80 176 192 208 288 304 
-400 -384 -304 -288 -256 -240 160 176 192 208 224 240 
-448 -432 -400 -384 -368 -288 -272 -224 -208 -80 -64 0 16 96 112 352 368 
-416 -400 -352 -336 -320 -304 -288 -16 0 96 112 192 208 320 336 352 
-448 -432 -192 -176 160 176 192 208 224 352 368 
-432 -416 -208 -192 -80 -64 208 224 240 320 336 400 416 
-384 -368 -352 -336 -64 -48 96 112 128 144 160 256 272 
-256 -240 -224 -160 -144 -80 -64 -32 -16 32 48 80 96 192 208 320 336 
-288 -272 -128 -112 -96 -80 -16 0 16 144 160 288 304 320 336 
-432 -416 -400 -48 -32 80 96 128 144 
-384 -368 -352 -336 -320 -304 -240 -224 -144 -128 -112 -96 0 16 224 240 256 272 320 336 
-432 -416 
-432 -416 
-448 -432 -384 -368 -336 -320 -288 -272 -240 -224 256 272 
-432 -416 -400 -384 -192 -176 -160 -144 -128 144 160 192 208 272 288 304 
-288 -272 -256 -240 -192 -176 0 16 256 272 288 304 320 336 352 
-432 -416 
-432 -416 
-352 -336 -272 -256 -176 -160 -144 -128 -16 0 16 208 224 240 
-400 -384 -160 -144 -128 -112 -96 32 48 112 128 320 336 
-416 -400 -64 -48 -32 -16 64 80 288 304 
-400 -384 -288 -272 -176 -160 -128 -112 -16 0 64 80 144 160 272 288 304 320 336 
-368 -352 -336 -176 -160 -48 -32 288 304 320 336 
-416 -368 -352 -176 -160 -144 -128 -112 -96 -80 96 112 224 240 
-432 -416 
-272 -256 -208 -192 -176 -160 -64 -48 -16 0 144 160 208 224 304 320 336 
-432 -416 -400 -144 -128 -112 -96 -64 -48 80 96 256 272 288 304 320 336 
-448 -432 -416 -400 -352 -336 -128 -112 32 48 208 224 320 336 
-336 -320 -304 -160 -144 -128 -64 -48 144 160 224 240 288 304 320 
-464 -448 -432 -128 -112 -96 16 32 96 112 288 304 336 352 
-448 -432 -416 -240 -224 -160 -144 32 48 64 80 256 272 320 336 
-80 -64 32 48 64 80 96 112 128 144 208 224 240 304 320 
-448 -432 -160 -144 -128 -112 -96 -64 -48 -32 48 64 128 144 
-432 -416 -272 -256 -144 -128 -96 -80 48 64 288 304 
-416 -400 -368 -352 -288 -272 -176 -160 -144 -128 208 224 240 288 
-448 -432 -416 -144 -128 -112 -80 -64 0 16 32 48 160 176 192 224 240 
-432 -416 -176 -160 -144 -128 -96 -80 48 64 240 256 272 288 320 336 
-448 -432 -224 -208 -144 -128 -96 -80 160 176 240 256 336 
-448 -432 -352 -336 -48 -32 0 16 32 48 208 224 288 304 320 336 352 368 
-464 -448 -416 -400 -176 -160 -48 -32 -16 0 144 160 208 224 
-416 -400 -224 -208 -160 -144 -112 -96 -80 -64 -32 -16 176 192 208 
-432 -416 
-448 -432 -352 -336 -320 -304 -224 -208 -96 -80 112 128 160 176 320 336 
-416 -400 -384 -336 -320 -48 -32 112 128 176 192 208 224 320 336 
-432 -416 -80 -64 96 112 272 288 304 320 336 352 
-448 -432 -416 -224 -208 -192 -176 -80 -64 176 192 208 320 336 352 
-448 -432 -96 -80 80 96 160 176 192 208 224 240 256 272 320 336 
-432 -416 -352 -336 -320 -304 -288 -272 -144 -128 -32 -16 48 64 288 304 320 336 
-432 -416 
-416 -400 -352 -336 -272 -256 -176 -160 160 176 224 240 320 336 
-416 -400 -368 -352 -320 -304 -144 -128 128 144 176 192 208 320 336 
-336 -320 -256 -240 -160 -144 -128 -64 -48 0 16 96 112 160 176 192 208 
-464 -448 -256 -240 -176 -160 -144 -128 -32 -16 0 16 
-448 -432 -400 -384 -192 -176 -16 0 128 144 160 176 
-448 -432 -416 -368 -352 -336 -320 -64 -48 160 176 
-464 -448 -304 -288 -224 -208 -176 -160 -128 -112 0 16 128 144 176 192 208 240 256 
-448 -432 -128 -112 0 16 32 80 96 112 256 272 
-432 -416 -352 -336 -272 -256 -240 -224 -16 0 160 176 208 224 320 336 
-448 -432 -416 -400 -256 -240 -144 -128 0 16 176 192 320 336 
-448 -432 -144 -128 -112 -96 -32 -16 0 16 32 192 208 256 272 320 336 
-416 -400 
-416 -400 
-464 -448 -336 -320 -224 -208 -192 -176 -128 -112 -96 -80 80 96 304 320 
-448 -432 -416 -400 -224 -208 -160 -144 -128 -112 112 128 176 192 224 240 
-352 -336 -128 -112 16 32 128 144 160 176 192 208 224 272 288 304 
-448 -432 -320 -304 -288 -32 -16 16 32 144 160 192 208 304 320 
-432 -416 
-256 -240 -176 -160 -128 -112 -80 -64 0 16 96 112 176 192 208 
-448 -432 -416 -320 -304 -80 -64 32 48 128 144 176 192 
-400 -384 -368 -352 -176 -160 -112 -96 -48 -32 -16 160 176 320 336 
-448 -432 -368 -352 -336 -320 -288 -272 -64 -48 64 80 176 192 208 224 
-432 -416 -352 -336 -176 -160 -48 -32 0 16 32 48 64 80 128 144 
-448 -432 -416 -400 -144 -128 -112 32 48 256 272 288 304 
-448 -432 -384 -368 -304 -288 0 16 192 208 224 272 288 
-432 -416 -320 -304 -192 -176 -96 -80 -48 -32 176 192 288 304 320 
-240 -224 -128 -112 -96 -32 -16 0 16 32 48 64 80 
-80 -64 48 64 80 96 128 144 304 320 
-432 -416 -384 -368 -224 -208 -192 -176 -144 -128 0 16 64 80 288 304 
-448 -432 -208 -192 -112 -96 -64 -48 32 48 160 176 192 208 224 256 272 288 
-448 -432 -416 -368 -352 -336 -112 -96 -80 -64 -32 -16 0 16 96 112 304 320 
-416 -144 -128 -64 -48 0 16 224 240 304 320 
-320 -304 -48 -32 80 96 224 240 256 272 288 304 320 336 
-448 -432 -352 -336 -320 -304 -176 -160 -32 -16 32 48 112 128 272 288 320 336 
-448 -432 -224 -208 -176 -160 -16 0 32 48 160 176 304 320 336 
-352 -336 -224 -208 -160 -144 -128 -112 48 64 160 176 320 
-224 -208 -192 -48 -32 112 128 144 160 176 192 208 320 336 
-448 -432 -416 -400 -336 -320 -160 -144 -96 -80 272 288 320 336 
-416 -400 -192 -176 -96 -80 -16 0 32 48 112 128 208 224 240 320 336 
-448 -432 -352 -336 -320 -304 -272 -256 -240 -224 -128 -112 -16 0 144 160 
-448 -432 -240 -224 0 16 64 80 96 112 128 144 160 320 336 352 368 384 
-464 -448 -432 -400 -384 -240 -224 -96 -80 32 48 112 128 160 176 240 256 
-384 -368 -320 -304 -80 -64 0 16 48 64 320 336 384 400 
-416 -400 -368 -352 -16 0 192 208 224 240 272 288 320 336 352 
-416 -400 -208 -192 -176 64 80 144 160 192 208 224 240 320 336 352 368 
-464 -448 -256 -240 -224 -160 -144 -32 -16 48 64 112 128 272 288 352 368 
-416 -400 -208 -192 -16 0 16 48 64 144 160 176 192 320 336 352 
-464 -448 -384 -368 -224 -208 96 112 160 176 256 272 
-384 -368 -288 -272 -208 -192 -176 -160 -144 80 96 176 192 224 240 
-416 -400 
-464 -448 -192 -176 -128 -112 -64 -48 -32 -16 48 64 176 192 352 368 
-464 -448 -336 -320 -256 -240 -144 -128 -112 80 96 112 224 240 368 
-464 -448 -432 -288 -272 -144 -128 48 64 256 272 400 416 
-464 -448 -352 -336 -256 -240 -208 -192 -176 -160 -80 -64 32 48 64 144 160 368 384 
-432 -416 -368 -352 -272 -256 -176 -160 64 80 96 112 128 192 208 352 368 
-464 -448 -320 -304 -288 -224 -208 -176 -160 -144 -128 -64 -48 80 96 368 384 
-432 -416 -320 -304 -192 -176 0 16 64 80 112 128 240 256 416 432 
-416 -400 
-464 -448 -368 -352 -336 -320 -304 -288 80 96 176 192 272 288 320 336 352 
-272 -256 -224 -208 -192 -160 -144 -128 -112 -16 0 176 192 256 272 304 320 
-464 -448 -416 -400 -192 -176 0 16 224 240 368 384 
-432 -416 -256 -240 -112 -96 -64 -48 -32 0 16 48 64 80 192 208 
-16 0 48 64 144 160 176 192 208 256 272 352 368 
-416 -400 -240 -224 -128 -112 -80 -64 96 112 240 256 272 288 320 336 352 
-464 -448 -368 -352 -224 -208 -192 -16 0 16 32 48 64 272 288 
-464 -448 -352 -336 -128 -112 0 16 112 128 160 176 192 368 384 
-464 -448 -320 -304 -272 -256 -48 -32 0 16 64 80 96 112 144 160 
-432 -416 -400 -160 -144 -112 -96 -80 -64 -48 176 192 240 256 336 352 
-464 -448 -432 -416 -400 -32 -16 48 64 160 176 240 256 272 352 368 384 400 
-448 -432 -176 -160 -112 -96 -16 0 48 64 80 96 144 160 272 288 384 400 
-384 -368 -256 -240 -224 -192 -176 48 64 96 112 224 240 256 272 
-160 -144 -80 -64 32 48 160 176 240 256 272 288 352 368 400 416 
-128 -112 16 32 64 80 96 112 128 144 176 192 336 352 368 416 432 
-448 -432 -416 -368 -112 -96 -80 48 64 272 288 304 
-416 -400 -176 -160 -144 -128 -112 -96 -16 0 16 80 96 352 368 384 400 
-416 -400 -288 -272 -256 -240 -208 -192 -80 -64 0 16 32 80 96 112 352 368 
-256 -240 -224 -128 -112 -64 -48 96 112 160 176 224 240 256 272 
-464 -448 -432 -416 -400 -368 -352 -336 -320 32 48 272 288 368 384 
-464 -448 -432 -416 -368 -352 -272 -256 -48 -32 -16 80 96 256 272 
-464 -448 -384 -368 -304 -288 -96 -80 -48 -32 16 32 48 64 144 160 240 256 
-368 -288 -272 -240 -224 64 80 128 144 160 176 256 272 
-464 -448 -304 -288 -224 -208 -160 -144 -128 32 48 96 112 192 208 352 368 
-432 -416 -400 
-464 -448 -384 -368 -272 -256 -240 64 80 128 144 160 176 208 224 240 256 336 352 
-464 -448 -416 -176 -160 32 48 64 144 160 352 368 384 
-384 -368 -304 -288 -256 -240 -16 0 64 80 320 
-464 -448 -416 -400 -208 -192 -176 -160 -144 -96 -80 240 256 272 
-464 -448 -416 -400 -368 -352 -288 -272 -160 -144 64 80 160 176 
-416 -400 -208 -192 -160 -144 -96 -80 -64 -16 0 16 48 64 288 304 
-432 -416 -384 -368 -176 -160 -128 -112 288 304 320 336 400 
-464 -448 -432 -336 -320 -288 -272 -112 -96 -64 -48 -32 -16 128 144 
-400 -384 -304 -288 -160 -144 -48 -32 48 64 80 128 144 176 192 272 288 
-384 -368 -208 -192 -144 -128 -112 -96 -64 -48 32 48 144 160 384 400 
-384 -368 -336 -320 -304 -176 -160 -144 -128 -64 -48 400 416 
-432 -416 -400 -240 -224 -192 -176 112 128 144 160 208 224 416 432 
-464 -448 -400 -384 -336 -320 -304 -288 0 16 32 48 272 288 352 368 400 416 
-464 -448 -432 -416 -400 -384 -288 -272 -240 -224 16 32 352 368 384 
-464 -448 -432 -416 -400 -336 -320 -304 -80 -64 112 128 
-480 -464 -448 -432 -416 -400 -256 -240 -224 -208 -64 -48 336 352 
-464 -448 -416 -400 -352 -336 -160 -144 -96 -80 -64 -48 128 144 176 192 224 240 336 352 
-464 -448 -416 -400 -384 -16 0 48 64 112 128 144 240 256 384 400 416 
-384 -368 -192 -176 -80 -64 112 128 192 208 224 240 288 304 320 336 352 368 
-480 -464 -448 -432 -272 -256 -208 -192 -144 -128 192 208 272 288 
-480 -464 -448 -352 -336 -320 -272 -256 -112 -96 304 320 336 352 
-464 -448 -80 -64 -48 -32 -16 48 64 80 96 112 224 240 256 352 368 
-464 -448 -160 -144 -128 -112 -48 -32 16 32 96 112 192 208 288 304 320 336 384 400 
-480 -464 -272 -256 -208 -192 -144 -128 0 16 32 48 96 112 224 240 288 304 320 
-464 -448 -288 -272 -240 -224 -160 -144 16 32 96 112 256 272 352 368 
-400 -384 -176 -160 -144 -128 -80 -64 96 112 272 288 368 384 400 416 432 
-480 -464 -304 -288 -240 -224 -64 -48 80 96 192 208 224 368 384 400 416 432 
-448 -432 -352 -336 -112 -96 -64 -48 64 80 176 192 432 
-480 -464 -288 -272 -16 0 16 32 144 160 256 272 320 336 384 
-464 -448 -352 -336 -192 -176 -160 0 16 32 304 320 432 448 
-432 -416 -304 -288 -272 -256 -208 -192 80 96 240 256 272 304 320 400 416 
-448 -432 -416 -144 -128 -112 -96 48 64 80 224 240 272 288 432 448 
-480 -464 -448 -368 -352 -336 -320 -128 -112 32 48 160 176 192 288 304 
-400 -384 -368 -352 -240 -224 32 48 208 224 240 288 304 320 352 368 416 432 
-304 -288 -192 -176 -144 -128 -96 -80 0 16 48 64 80 384 400 
-464 -448 -432 -352 -336 -224 -208 -96 -80 -32 -16 0 16 224 240 272 288 416 432 
-480 -464 -448 -400 -384 -256 -240 -128 -112 -96 80 96 176 192 256 272 
-480 -464 -448 -384 -368 -176 -160 -96 -80 -48 -32 80 96 112 128 432 448 
-480 -464 -448 -384 -368 -336 -320 -304 -288 -48 -32 64 80 128 144 288 304 400 416 
-480 -464 -448 -384 -368 -352 -336 -192 -176 32 48 64 96 112 176 192 
-464 -448 -352 -256 -240 -64 -48 -32 144 160 336 352 432 448 
-480 -464 -432 -416 -320 -304 -272 -256 -240 16 32 48 208 224 368 384 
-432 -416 
-432 -416 
-416 -400 
-416 -400 
-416 -400 
-416 -400 
-416 -400 
-416 -400 
-416 -400 
-416 -400 
-416 -400 
-416 -400 
-416 -400 
-416 -400 
-416 -400 
-416 -400 
-416 -400 
-416 -400 
-416 -400 
-416 -400 
-416 -400 
-416 -400 
-416 -400 
-416 -400 
-416 -400 
-416 -400 
-416 -400 
-416 -400 
-416 -400 
-416 -400 
-416 -400 
-416 -400 
-416 -400 
-416 -400 
-416 -400 
-416 -400 
-416 -400 
-416 -400 
-416 -400 
-416 -400 
-416 -400 
-416 -400 
-416 -400 
-416 -400 
-416 -400 
-416 -400 
-416 -400 
-416 -400 
-416 -400 
-416 -400 
-416 -400 
-416 -400 
-416 -400 
-416 -400 
-416 -400 
-416 -400 
-416 -400 
-416 -400 
-416 -400 
-416 -400 
-416 -400 
-416 -400 
-416 -400 
-416 -400 
-416 -400 
-416 -400 
-416 -400 
-416 -400 
-416 -400 
-416 -400 
-416 -400 
-416 -400 
-416 -400 
-416 -400 
-416 -400 
-416 -400 
-416 -400 
-416 -400 
-416 -400 
-416 -400 
-416 -400 
-416 -400 
-416 -400 
-416 -400 
-416 -400 
-416 -400 
-416 -400 
-416 -400 
-416 -400 
-416 -400 
-416 -400 
-416 -400 
-416 -400 
-416 -400 
-416 -400 
-416 -400 
-416 -400 
-416 -400 
-416 -400 
-416 -400 
-416 -400 
-416 -400 
-416 -400 
-416 -400 
-416 -400 
-416 -400 
-416 -400 
-416 -400 
-416 -400 
-416 -400 
-416 -400 
-416 -400 
-416 -400 
-64 -48 112 128 240 256 272 288 336 352 400 416 432 448 
-480 -464 -240 -224 -160 -144 -48 -32 80 96 224 240 256 272 432 448 
-480 -464 -432 -416 -288 -272 -128 -112 -16 0 208 224 240 256 320 336 
-432 -416 
-432 -416 
-432 -416 
-432 -416 
-432 -416 
-432 -416 
-432 -416 
-432 -416 
-432 -416 
-432 -416 
-432 -416 
-432 -416 
-432 -416 
-432 -416 
-432 -416 
-432 -416 
-432 -416 
-432 -416 
-432 -416 
-432 -416 
-432 -416 
-432 -416 
-432 -416 
-432 -416 
-432 -416 
-432 -416 
-432 -416 
-432 -416 
-432 -416 
-432 -416 
-432 -416 
-432 -416 
-432 -416 
-432 -416 
-432 -416 
-432 -416 
-432 -416 
-432 -416 
-432 -416 
-432 -416 
-432 -416 
-432 -416 
-432 -416 
-432 -416 
-432 -416 
-432 -416 
-432 -416 
-432 -416 
-432 -416 
-432 -416 
-432 -416 
-432 -416 
-432 -416 
-432 -416 
-432 -416 
-432 -416 
-432 -416 
-432 -416 
-432 -416 
-432 -416 
-432 -416 
-432 -416 
-432 -416 
-432 -416 
-432 -416 
-432 -416 
-432 -416 
-432 -416 
-432 -416 
-432 -416 
-432 -416 
-432 -416 
-432 -416 
-432 -416 
-432 -416 
-432 -416 
-432 -416 
-432 -416 
-432 -416 
-432 -416 
-432 -416 
-432 -416 
-432 -416 
-432 -416 
-432 -416 
-432 -416 
-432 -416 
-432 -416 
-432 -416 
-432 -416 
-432 -416 
-432 -416 
-432 -416 
-432 -416 
-432 -416 
-432 -416 
-432 -416 
-432 -416 
-432 -416 
-432 -416 
-432 -416 
-432 -416 
-432 -416 
-432 -416 
-432 -416 
-432 -416 
-432 -416 
-432 -416 
-432 -416 
-432 -416 
-432 -416 
-432 -416 
-432 -416 
-432 -416 
-432 -416 
-432 -416 
-432 -416 
-432 -416 
-432 -416 
-432 -416 
-432 -416 
-432 -416 
-432 -416 
-432 -416 
-432 -416 
-432 -416 
-432 -416 
-432 -416 
-432 -416 
-432 -416 
-432 -416 
-432 -416 
-432 -416 
-432 -416 
-432 -416 
-432 -416 
-432 -416 
-432 -416 
-432 -416 
-432 -416 
-432 -416 
-432 -416 
-432 -416 
-432 -416 
-432 -416 
-432 -416 
-432 -416 
-432 -416 
-432 -416 
-432 -416 
-432 -416 
-432 -416 
-432 -416 
-432 -416 
-432 -416 
-432 -416 
-432 -416 
-432 -416 
-432 -416 
-432 -416 
-432 -416 
-432 -416 
-432 -416 
-432 -416 
-432 -416 
-432 -416 
-432 -416 
-432 -416 
-432 -416 
-432 -416 
-432 -416 
-432 -416 
-432 -416 
-432 -416 
-432 -416 
-432 -416 
-432 -416 
-432 -416 
-432 -416 
-432 -416 
-432 -416 
-432 -416 
-432 -416 
-432 -416 
-432 -416 
-432 -416 
-432 -416 
-432 -416 
-432 -416 
-432 -416 
-432 -416 
-432 -416 
-432 -416 
-432 -416 
-432 -416 
-432 -416 
-432 -416 
-432 -416 
-432 -416 
-432 -416 
-432 -416 
-432 -416 
-432 -416 
-432 -416 
-432 -416 
-432 -416 
-432 -416 
-432 -416 
-432 -416 
-432 -416 
-432 -416 
-432 -416 
-432 -416 
-432 -416 
-432 -416 
-432 -416 
-432 -416 
-432 -416 
-432 -416 
-432 -416 
-432 -416 
-432 -416 
-432 -416 
-432 -416 
-432 -416 
-432 -416 
-432 -416 
-432 -416 
-432 -416 
-432 -416 
-432 -416 
-432 -416 
-432 -416 
-432 -416 
-432 -416 
-432 -416 
-432 -416 
-432 -416 
-432 -416 
-432 -416 
-432 -416 
-432 -416 
-432 -416 
-432 -416 
-432 -416 
-432 -416 
-432 -416 
-432 -416 
-432 -416 
-432 -416 
-432 -416 
-432 -416 
-432 -416 
-432 -416 
-432 -416 
-432 -416 
-432 -416 
-432 -416 
-432 -416 
-432 -416 
-432 -416 
-432 -416 
-432 -416 
-432 -416 
-432 -416 
-432 -416 
-432 -416 
-432 -416 
-432 -416 
-432 -416 
-432 -416 
-432 -416 
-432 -416 
-432 -416 
-432 -416 
-432 -416 
-432 -416 
-432 -416 
-432 -416 
-432 -416 
-432 -416 
-432 -416 
-432 -416 
-432 -416 
-432 -416 
-432 -416 
-432 -416 
-432 -416 
-432 -416 
-432 -416 
-432 -416 
-432 -416 
-432 -416 
-432 -416 
-432 -416 
-432 -416 
-432 -416 
-432 -416 
-432 -416 
-432 -416 
-432 -416 
-432 -416 
-432 -416 
-432 -416 
-432 -416 
-432 -416 
-432 -416 
-432 -416 
-432 -416 
-432 -416 
-432 -416 
-432 -416 
-432 -416 
-432 -416 
-432 -416 
-432 -416 
-432 -416 
-432 -416 
-432 -416 
-432 -416 
-432 -416 
-432 -416 
-432 -416 
-432 -416 
-432 -416 
-432 -416 
-432 -416 
-432 -416 
-432 -416 
-432 -416 
-432 -416 
-432 -416 
-432 -416 
-432 -416 
-432 -416 
-432 -416 
-432 -416 
-432 -416 
-432 -416 
-432 -416 
-432 -416 
-432 -416 
-432 -416 
-432 -416 
-432 -416 
-432 -416 
-432 -416 
-432 -416 
-432 -416 
-432 -416 
-432 -416 
-432 -416 
-432 -416 
-432 -416 
-432 -416 
-432 -416 
-432 -416 
-432 -416 
-432 -416 
-432 -416 
-432 -416 
-432 -416 
-432 -416 
-432 -416 
-432 -416 
-432 -416 
-432 -416 
-432 -416 
-432 -416 
-432 -416 
-432 -416 
-432 -416 
-432 -416 
-432 -416 
-432 -416 
-432 -416 
-432 -416 
-432 -416 
-432 -416 
-432 -416 
-432 -416 
-432 -416 
-432 -416 
-432 -416 
-432 -416 
-432 -416 
-432 -416 
-432 -416 
-432 -416 
-432 -416 
-432 -416 
-432 -416 
-432 -416 
-432 -416 
-432 -416 
-432 -416 
-432 -416 
-432 -416 
-432 -416 
-432 -416 
-432 -416 
-432 -416 
-432 -416 
-432 -416 
-432 -416 
-432 -416 
-432 -416 
-432 -416 
-432 -416 
-432 -416 
-432 -416 
-432 -416 
-432 -416 
-432 -416 
-432 -416 
-432 -416 
-432 -416 
-432 -416 
-432 -416 
-432 -416 
-432 -416 
-432 -416 
-416 -400 
-416 -400 
-416 -400 
-416 -400 
-416 -400 
-416 -400 
-416 -400 
-416 -400 
-416 -400 
-416 -400 
-416 -400 
-416 -400 
-416 -400 
-416 -400 
-416 -400 
-416 -400 
-416 -400 
-416 -400 
-416 -400 
-416 -400 
-416 -400 
-416 -400 
-416 -400 
-416 -400 
-416 -400 
-416 -400 
-416 -400 
-416 -400 
-416 -400 
-416 -400 
-416 -400 
-416 -400 
-416 -400 
-416 -400 
-416 -400 
-416 -400 
-416 -400 
-416 -400 
-416 -400 
-416 -400 
-416 -400 
-416 -400 
-416 -400 
-416 -400 
-416 -400 
-416 -400 
-416 -400 
-416 -400 
-416 -400 
-416 -400 
-416 -400 
-416 -400 
-416 -400 
-416 -400 
-416 -400 
-416 -400 
-416 -400 
-416 -400 
-416 -400 
-416 -400 
-416 -400 
-416 -400 
-416 -400 
-416 -400 
-416 -400 
-416 -400 
-416 -400 
-416 -400 
-416 -400 
-416 -400 
-416 -400 
-416 -400 
-416 -400 
-416 -400 
-416 -400 
-416 -400 
-416 -400 
-416 -400 
-416 -400 
-416 -400 
-416 -400 
-416 -400 
-416 -400 
-416 -400 
-416 -400 
-416 -400 
-416 -400 
-416 -400 
-416 -400 
-416 -400 
-416 -400 
-416 -400 
-416 -400 
-416 -400 
-416 -400 
-416 -400 
-416 -400 
-416 -400 
-416 -400 
-416 -400 
-416 -400 
-416 -400 
-416 -400 
-416 -400 
-416 -400 
-416 -400 
-432 -416 -400 
-432 -416 
-432 -416 
-432 -416 
-432 -416 
-432 -416 
-432 -416 
-432 -416 
-432 -416 
-432 -416 
-432 -416 
-432 -416 
-432 -416 
-432 -416 
-432 -416 
-432 -416 
-432 -416 
-432 -416 
-432 -416 
-432 -416 
-432 -416 
-432 -416 
-432 -416 
-432 -416 
-432 -416 
-432 -416 
-432 -416 
-432 -416 
-432 -416 
-432 -416 
-432 -416 
-432 -416 
-432 -416 
-432 -416 
-432 -416 
-432 -416 
-432 -416 
-432 -416 
-432 -416 
-432 -416 
-432 -416 
-432 -416 
-432 -416 
-432 -416 
-432 -416 
-432 -416 
-432 -416 
-432 -416 
-432 -416 
-432 -416 
-432 -416 
-432 -416 
-432 -416 
-432 -416 
-432 -416 
-432 -416 
-432 -416 
-432 -416 
-432 -416 
-432 -416 
-432 -416 
-432 -416 
-432 -416 
-432 -416 
-432 -416 
-432 -416 
-432 -416 
-432 -416 
-432 -416 
-432 -416 
-432 -416 
-432 -416 
-432 -416 
-432 -416 
-432 -416 
-432 -416 
-432 -416 
-432 -416 
-432 -416 
-432 -416 
-432 -416 
-432 -416 
-432 -416 
-432 -416 
-432 -416 
-432 -416 
-432 -416 
-432 -416 
-432 -416 
-432 -416 
-432 -416 
-432 -416 
-432 -416 
-432 -416 
-432 -416 
-432 -416 
-432 -416 
-432 -416 
-432 -416 
-432 -416 
-432 -416 
-432 -416 
-432 -416 
-432 -416 
-432 -416 
-432 -416 
-432 -416 
-432 -416 
-432 -416 
-432 -416 
-432 -416 
-432 -416 
-432 -416 
-432 -416 
-432 -416 
-432 -416 
-432 -416 
-432 -416 
-432 -416 
-432 -416 
-432 -416 
-432 -416 
-432 -416 
-432 -416 
-432 -416 
-432 -416 
-432 -416 
-432 -416 
-432 -416 
-432 -416 
-432 -416 
-432 -416 
-432 -416 
-432 -416 
-432 -416 
-432 -416 
-432 -416 
-432 -416 
-432 -416 
-432 -416 
-432 -416 
-432 -416 
-432 -416 
-432 -416 
-432 -416 
-432 -416 
-432 -416 
-432 -416 
-432 -416 
-432 -416 
-432 -416 
-432 -416 
-432 -416 
-432 -416 
-432 -416 
-432 -416 
-432 -416 
-432 -416 
-432 -416 
-432 -416 
-432 -416 
-432 -416 
-432 -416 
-432 -416 
-432 -416 
-432 -416 
-432 -416 
-432 -416 
-432 -416 
-432 -416 
-432 -416 
-432 -416 
-432 -416 
-432 -416 
-432 -416 
-432 -416 
-432 -416 
-432 -416 
-432 -416 
-432 -416 
-432 -416 
-432 -416 
-432 -416 
-432 -416 
-432 -416 
-432 -416 
-432 -416 
-432 -416 
-432 -416 
-432 -416 
-432 -416 
-432 -416 
-432 -416 
-432 -416 
-432 -416 
-432 -416 
-432 -416 
-432 -416 
-432 -416 
-432 -416 
-432 -416 
-432 -416 
-432 -416 
-432 -416 
-432 -416 
-432 -416 
-432 -416 
-432 -416 
-432 -416 
-432 -416 
-432 -416 
-432 -416 
-432 -416 
-432 -416 
-400 -384 -208 -192 -128 -112 -96 -64 -48 112 128 288 304 
-480 -464 -288 -272 -144 -128 0 16 96 112 304 320 416 432 448 
-480 -432 -288 -272 -256 16 32 64 80 384 
-432 -416 
-480 -464 -448 -416 -400 -384 -96 -80 16 32 48 64 96 112 128 144 368 384 
-464 -448 -432 -416 -368 -352 -272 -256 -208 -192 -112 -96 48 64 192 208 
-480 -464 -256 -240 -208 -192 128 144 240 256 272 
-448 -432 -416 -400 -384 -304 -288 -272 -256 -208 -192 -144 -128 64 80 384 400 
-480 -464 -448 -256 -240 -224 -208 -128 -112 128 144 352 368 384 400 
-416 -400 -240 -224 -208 -192 -176 -160 -32 -16 96 112 256 272 320 336 432 448 
-480 -464 -256 -240 -208 -192 -144 -128 -112 -80 -64 144 160 
-480 -464 -400 -384 -272 -256 -224 -208 -128 -112 32 48 208 224 288 304 
-416 -400 
-416 -400 
-416 -400 
-416 -400 
-416 -400 
-416 -400 
-416 -400 
-416 -400 
-416 -400 
-416 -400 
-416 -400 
-416 -400 
-416 -400 
-416 -400 
-416 -400 
-416 -400 
-416 -400 
-416 -400 
-416 -400 
-416 -400 
-416 -400 
-416 -400 
-416 -400 
-416 -400 
-416 -400 
-416 -400 
-416 -400 
-416 -400 
-416 -400 
-416 -400 
-416 -400 
-256 -240 -32 -16 0 16 32 64 80 96 112 192 208 304 320 
-480 -464 -448 -432 -416 -192 -176 -112 -96 -80 -64 0 16 32 48 64 416 432 
-464 -448 -432 -416 -144 -128 80 96 256 272 288 304 320 336 352 
-432 -384 -144 -128 0 16 192 208 368 384 
-432 -416 -304 -288 -256 -240 -192 -176 -160 -144 -48 -32 144 160 320 336 416 432 448 
-464 -448 -416 -400 -208 -192 -144 -128 -112 -96 -80 -64 336 352 
-480 -464 -448 -304 -288 -272 -208 -192 32 48 112 128 144 208 224 384 400 
-432 -416 -272 -256 -240 -224 -128 -112 80 96 144 160 192 208 224 352 368 416 432 
-480 -464 
-368 -352 -272 -256 -240 -224 -112 -96 144 160 208 224 256 272 288 336 352 368 384 
-496 -480 -464 -448 -400 -384 -336 -320 -176 -160 -144 -128 -16 0 240 256 
-448 -432 -208 -192 -176 -160 32 48 128 144 160 176 192 208 352 368 384 
-480 -464 -448 -432 -272 -256 -240 -224 -192 -176 -48 -32 384 400 416 432 448 
-480 -464 -448 -272 -256 -240 -96 -80 16 32 192 208 432 448 
-480 -464 -384 -368 -352 -336 -192 -176 -64 -48 32 48 352 368 416 432 448 
-464 -448 
-320 -304 -96 -80 -64 -48 -16 0 32 48 80 96 368 384 400 
-480 -464 -448 -432 -400 -384 -320 -304 
-416 -400 
-480 -464 -400 -144 -128 -112 -96 -48 -32 16 32 48 432 448 
-288 -272 -224 -208 -176 -160 48 64 144 160 224 240 336 352 416 432 448 
-480 -464 -368 -352 -256 -240 -160 -144 48 64 80 192 208 416 432 448 
-480 -464 -384 -368 -80 -64 -48 -32 48 64 128 144 256 272 416 432 
-416 -400 -272 -256 -192 -176 -128 -112 -64 -48 64 80 400 416 432 448 
-240 -224 -144 -128 -112 16 32 240 256 288 304 416 432 
-464 -448 -400 -384 -336 -320 -256 -240 16 32 48 64 160 176 192 208 272 288 
-480 -464 -368 -352 -272 -256 -144 -128 -112 -96 -64 -48 0 16 80 96 432 448 
-480 -464 
-480 -464 -352 -336 -208 -192 -64 -48 -32 -16 0 128 144 160 176 208 224 
-416 -400 
-416 -400 
-480 -464 -400 -384 -352 -336 -320 -304 -288 -272 48 64 80 96 272 288 432 448 
-480 -464 -432 -416 -336 -320 -240 -224 -208 -192 -128 -112 32 48 352 368 
-496 -480 -400 -384 -224 -208 -144 -128 48 64 176 192 416 432 448 
-480 -464 -448 -432 -416 -400 -384 -224 -208 32 48 160 176 192 
-464 -448 -272 -256 -96 -80 -64 -48 32 48 272 288 
-480 -464 -448 -352 -336 -304 -256 -224 -208 -128 -112 160 176 208 224 
-464 -448 
-464 -448 -352 -336 -160 -144 -112 -96 -80 -64 224 240 384 400 
-480 -464 -240 -224 -176 -160 -32 -16 112 128 144 272 288 448 
-304 -288 -256 -240 -192 -176 -64 -48 -16 0 16 32 256 272 288 304 
0 16 144 160 192 208 272 288 320 336 352 384 400 432 448 
-464 -448 -432 -416 -400 -208 -192 16 32 64 80 368 384 
-480 -464 -272 -256 -208 -192 -176 -160 -128 -112 -96 432 448 
-384 -368 -304 -288 -160 -144 -32 -16 176 192 304 320 336 432 448 
-480 -464 -448 -432 -320 -304 -288 -144 -128 -112 -96 -48 -32 288 304 336 352 432 448 
-400 -384 -320 -304 -240 -224 -32 -16 16 32 176 192 288 304 320 336 
-416 -400 
-448 -432 -224 -208 -80 -64 -48 -16 0 384 400 448 
-464 -448 
-384 -368 -224 -208 -192 -176 16 32 48 384 400 
-480 -464 
-480 -464 -400 -384 -320 -304 -112 -96 -64 -48 -16 0 128 144 256 272 320 336 352 
-480 -464 -336 -320 -208 -192 -64 -48 96 112 192 208 288 304 384 400 
-480 -464 -448 
-480 -464 -448 
-480 -464 -400 -384 -368 -336 -320 32 48 352 368 432 448 
-304 -288 -240 -224 -144 -128 -32 -16 96 112 256 272 432 448 
-480 -464 -448 -432 -256 -240 -128 -112 288 304 320 336 416 432 448 
-480 -464 -448 -432 -272 -256 0 16 112 128 160 176 208 224 320 336 
-464 -448 
-480 -464 -448 -432 -304 -288 -192 -176 -160 -144 240 256 288 304 
-480 -464 
-480 -464 
-480 -464 
-480 -464 
-480 -464 
-480 -464 
-480 -464 
-480 -464 
-480 -464 
-480 -464 
-480 -464 
-480 -464 
-480 -464 
-480 -464 
-480 -464 
-480 -464 
-480 -464 
-480 -464 
-480 -464 
-480 -464 
-480 -464 
-480 -464 
-480 -464 
-480 -464 
-480 -464 
-480 -464 
-480 -464 
-480 -464 
-480 -464 
-480 -464 
-480 -464 
-480 -464 
-480 -464 
-480 -464 
-480 -464 
-480 -464 
-480 -464 
-480 -464 
-480 -464 
-480 -464 
-480 -464 
-480 -464 
-496 -480 -464 -384 -368 -224 -208 -192 -48 -32 288 304 320 336 
-432 -416 -400 -384 -192 -176 -160 -128 -112 -80 -64 352 368 384 400 432 448 
-496 -480 -464 -416 -400 -352 -336 -80 -64 176 192 224 240 320 336 352 
-496 -480 -416 -400 -336 -320 -288 -272 -256 -240 -176 -160 0 16 32 48 432 448 
-352 -336 -304 -288 -160 -144 176 192 432 448 
-464 -448 
-496 -480 -464 -400 -384 -336 -320 -32 -16 32 48 
-480 -464 -128 -112 -48 -32 64 80 208 224 240 416 432 
-336 -320 -304 -160 -144 -128 -112 -80 -64 -48 0 16 112 128 
-448 -432 
-464 -448 -256 -240 -96 -80 -64 -48 16 32 128 144 272 288 320 336 
-496 -480 -464 -352 -336 -96 -80 16 32 208 224 240 256 288 304 336 352 
-368 -352 -320 -304 -240 -224 -64 -48 288 304 320 352 368 384 432 448 
-496 -480 -464 -448 -208 -192 -80 -64 64 80 208 224 240 272 288 
-432 -416 -400 -384 0 16 32 48 144 160 176 224 240 
-480 -464 
-496 -480 -464 -80 -64 -48 -32 0 16 112 128 416 432 
-496 -480 -464 -336 -320 -224 -208 -112 -96 -64 -48 256 272 432 448 
-480 -464 -432 -416 -400 -384 -320 -304 -288 -272 -256 -80 -64 
-480 -464 -352 -336 -320 -48 -32 16 32 64 80 224 240 304 320 336 352 
-480 -464 -416 -400 -384 -368 -336 -320 80 96 112 192 208 336 352 384 400 
-480 -464 -384 -368 -176 -160 -112 -96 -80 16 32 384 400 432 448 
-304 -288 -256 -240 -176 -160 144 160 176 208 224 400 416 432 448 
-496 -480 -448 -432 -416 -352 -336 -320 -304 -224 -208 -48 -32 0 16 368 384 432 448 
-480 -464 -448 -432 0 16 240 256 272 288 304 320 432 448 
-400 -384 -320 -304 -272 -256 -16 0 16 80 96 112 144 160 432 448 
-496 -480 -208 -192 -144 -128 208 224 272 288 352 368 432 448 
-496 -480 -384 -368 -176 -160 -64 -48 192 208 256 272 416 432 448 
-496 -480 -336 -320 -128 -112 -96 -80 192 208 272 288 304 320 336 432 448 
-432 -416 -400 -256 -240 32 48 112 128 144 160 176 192 432 
-496 -480 
-448 -432 -400 -384 -368 -352 -96 -80 0 16 336 352 448 
-400 -384 -320 -304 -240 -224 -144 -128 -80 -64 32 48 80 96 192 208 400 416 
-464 -448 -384 -368 -336 -320 0 16 80 96 112 128 176 192 
-496 -480 -464 -448 -432 -400 -384 -288 -272 -192 -176 80 96 144 160 
-496 -480 -464 96 112 160 176 192 208 224 336 352 432 448 
-496 -480 -464 -448 -352 -336 -320 -256 -240 -176 -160 32 48 
-496 -480 
-496 -480 -336 -320 -160 -144 112 128 336 352 432 448 
-496 -480 -464 -304 -288 -64 -48 -16 0 16 32 48 432 448 
-496 -480 
-496 -480 
-416 -400 -336 -320 -272 -256 -96 -80 32 48 64 176 192 224 240 368 384 400 416 
-512 -496 -416 -400 -384 -336 -320 -80 -64 -48 96 112 160 176 304 320 432 448 
-496 -480 
-496 -480 
-496 -480 -352 -336 -176 -160 -144 -16 0 352 368 432 448 
-272 -256 -224 -208 -144 -128 -112 -96 304 320 432 448 
-496 -480 
-496 -448 -384 -368 -208 -192 -80 -64 0 16 176 192 
-496 -480 -416 -400 -336 -320 32 48 96 112 128 144 432 448 
-480 -464 
-480 -464 -368 -352 -224 -208 -192 -64 -48 0 16 96 112 400 416 432 
-496 -480 -464 -448 -432 -400 -384 -288 -272 80 96 208 224 256 272 432 448 
-496 -480 
-496 -480 -400 -384 -128 -112 -64 -48 0 16 32 48 192 208 224 240 432 448 
-176 -160 16 32 80 96 112 144 160 176 192 208 304 320 
-496 -480 -464 -368 -352 -240 -224 -192 -176 -112 -96 48 64 272 288 320 336 
-496 -480 -272 -256 -128 -112 -64 -48 32 48 64 80 368 384 448 464 
-496 -480 
-496 -480 
-448 -432 -368 -352 -80 -64 -48 32 48 80 96 144 160 320 336 384 400 
-480 -464 -448 -432 -256 -240 -224 -64 -48 -16 0 416 432 448 
-480 -464 
-480 -464 -400 -384 -352 -128 -112 -96 -80 -64 64 80 400 416 
-480 -464 
-464 -448 -240 -224 -208 -192 -176 -96 -80 192 208 240 256 384 400 432 448 
-496 -480 -400 -384 -272 -256 -192 -176 -16 0 80 96 288 304 448 464 
-480 -464 
-480 -464 
-496 -480 -464 -448 -176 -160 -144 32 48 128 144 176 192 272 288 432 448 
-496 -480 -464 -256 -240 96 112 224 240 368 384 
-496 -480 
-496 -480 
-496 -480 -464 -448 -432 -416 -400 -384 -368 -336 -320 -304 -288 -272 -256 -240 -224 -208 -192 -176 -160 -144 -128 -112 -96 -80 -64 -48 -32 -16 0 16 32 48 64 80 96 112 128 144 160 176 192 208 224 240 256 272 288 304 320 352 384 400 432 448 464 
-480 -464 
-480 -464 
-496 -480 -272 -256 -192 -176 -48 -32 -16 0 336 352 
-496 -480 -464 -256 -240 -224 -128 -112 32 48 416 432 448 464 
-496 -480 -368 -352 -288 -272 -240 -224 48 64 128 144 192 208 448 464 
-496 -480 -464 -448 -416 -400 -384 -304 -288 -128 -112 80 96 160 176 224 240 448 464 
-496 -480 
-496 -480 
-416 -400 -352 -336 -288 -272 -256 -80 -64 32 48 352 368 448 464 
-368 -352 -304 -288 -128 -112 -48 -32 -16 0 288 304 320 416 432 448 464 
-496 -480 -464 -448 -432 -320 -304 -272 -256 -16 0 16 64 80 112 128 
-256 -240 -224 -208 -160 -144 -128 -112 -96 -80 -48 -32 0 16 32 192 208 
-480 -464 
-480 -464 
-480 -464 
-480 -464 
-480 -464 
-496 -480 -416 -400 -272 -256 -224 -208 -96 -80 176 192 336 352 384 400 
-496 -480 -432 -416 -400 -384 -176 -160 -144 -48 -32 352 368 432 448 
-496 -480 -288 -272 -256 -240 48 64 96 112 192 208 224 240 304 320 336 352 
-512 -496 -480 -208 -192 -144 -128 -96 -80 48 64 128 144 192 208 384 400 
-496 -480 -80 -64 -16 0 112 128 192 208 336 400 416 448 464 
-480 -464 -320 -304 -112 -96 -48 -32 -16 32 48 80 96 288 304 
-480 -464 
-480 -464 
-480 -464 
-496 -480 -464 -448 -128 -112 32 48 128 144 240 256 320 336 432 448 
-368 -352 -128 -112 -16 0 112 128 192 208 224 240 336 352 368 400 
-400 -384 -368 -224 -208 208 224 368 384 448 464 
-480 -464 
-480 -464 
-480 -464 
-480 -464 
-512 -496 -112 -96 -16 0 128 144 192 208 304 320 368 384 416 432 448 
-496 -480 -464 -192 -176 -128 -112 -80 -64 -16 0 224 240 352 368 432 448 
-496 -480 -352 -336 48 64 192 208 224 240 320 336 384 400 416 432 448 464 
-480 -464 
-512 -496 -480 -432 -416 -384 -368 -80 -64 -48 -32 240 256 304 320 384 400 
-496 -480 -336 -320 -304 -288 -240 -224 -208 -160 -144 208 224 448 464 480 
-496 -480 
-336 -320 -208 -192 -128 -112 -96 16 32 48 160 176 
-144 -128 -64 -48 16 32 96 112 224 240 304 320 368 384 432 448 
-320 -304 -288 -272 -240 -224 -80 -64 -16 0 32 48 352 368 384 400 
-496 -480 -464 -448 -320 -304 -240 -224 -112 -96 192 208 272 288 384 400 416 432 
-448 -432 -160 -144 -112 -96 -64 -48 -32 -16 80 96 416 432 448 464 
-496 -480 -288 -272 -256 -240 -128 -112 -96 16 32 112 128 
-512 -496 -480 -464 -288 -272 -112 -96 -32 -16 48 64 112 128 400 416 
-480 -464 
-480 -464 
-480 -464 
-480 -464 
-480 -464 
-480 -464 
-480 -464 
-480 -464 
-496 -480 -336 -320 -80 -64 48 64 176 192 240 256 432 448 
-512 -496 -480 -352 -336 -240 -224 -160 -144 80 96 112 128 288 304 464 480 
-512 -496 -480 -384 -368 -272 -256 -240 -224 -160 -144 0 16 64 80 464 480 
-416 -400 
-496 -480 -416 -400 -336 -320 -304 -288 224 240 272 288 384 432 448 
-496 -480 -416 -400 16 32 48 192 208 304 320 352 368 416 
-512 -496 -480 -400 -384 -368 -304 -288 -160 -144 -96 -80 128 144 272 288 352 368 
-496 -480 -208 -192 -176 -160 208 224 304 320 464 
-512 -496 
-496 -480 -432 -416 -352 -336 64 80 160 176 352 368 416 432 
-496 -480 -432 -416 -320 -304 -160 -144 -64 -48 112 128 384 400 432 448 
-496 -480 -192 -176 -96 -80 48 64 128 144 224 240 272 288 352 368 
-480 -464 -192 -176 -160 -144 144 160 192 208 240 256 288 304 320 336 
-512 -496 -352 -336 -176 -160 -32 -16 96 112 192 208 224 288 304 384 400 416 432 
-496 -480 
-496 -480 -464 -448 -272 -256 -240 80 96 144 160 272 288 432 448 
-368 -352 -48 -32 16 32 160 176 192 288 304 400 416 432 448 464 
-496 -480 112 128 160 176 208 224 384 400 448 464 
-512 -496 -480 -176 -160 -144 -112 -96 -80 -48 -32 288 304 352 368 
-496 -480 -352 -336 -144 -128 -96 -80 112 128 160 176 320 336 432 448 464 480 
-512 -496 -480 -368 -352 -256 -240 -224 -160 -144 -32 -16 256 272 448 464 
-448 -432 -416 -400 -352 -336 -304 -288 -272 -160 -144 -16 0 80 96 352 368 448 464 
-448 -432 -192 -176 -144 -128 -112 176 192 208 256 272 320 336 
-496 -224 -208 -144 -128 -80 -64 -32 -16 80 96 256 272 464 480 
-496 -480 -464 -288 -272 -160 -144 -96 -80 -48 -32 16 32 224 240 336 352 
-512 -496 -480 -128 -112 -64 -48 0 16 32 48 224 240 304 320 
-480 -464 -352 -336 -288 -272 -160 -144 48 64 96 112 144 160 192 208 
-496 -384 -368 -176 -160 -144 -128 -64 -48 64 80 448 464 480 
-480 -464 -432 -416 -400 -384 -320 -304 -256 -240 -144 -128 0 16 64 80 448 
-496 -480 -208 -192 -176 -160 -64 -48 -32 112 128 448 
-400 -384 -368 -352 -336 -64 -48 80 96 208 224 272 288 368 384 432 448 
-496 -480 -304 -288 -208 -192 -112 -96 0 16 304 320 352 368 416 432 
-512 -496 -480 -464 -432 -416 -48 -32 112 128 368 384 416 432 448 
-432 -416 -336 -320 -304 -272 -256 -224 -208 -64 -48 224 240 384 400 
-496 -480 -400 -384 -352 -336 -192 -176 -16 0 208 224 240 256 288 304 320 
-384 -368 -240 -224 -144 -128 -80 -64 -48 -32 0 16 144 160 432 448 
-512 -496 -416 -400 -336 -320 -112 -96 112 128 224 240 320 336 
-512 -496 -480 -464 -384 -368 -288 -272 -32 -16 288 304 352 368 384 400 
-496 -480 -432 -416 -320 -304 -256 -240 112 128 208 224 304 320 480 496 
-400 -384 -288 -272 -224 -208 -160 -144 -128 144 160 208 224 480 496 
-496 -480 -336 -320 -304 0 16 144 160 176 192 320 336 464 480 
-496 -480 
-496 -480 -320 -304 240 256 336 352 368 384 400 
-496 -480 -464 -448 -208 -192 -96 -80 -48 -32 0 16 
-512 -496 
-512 -496 
-496 -480 -240 -224 -64 -48 112 128 208 224 272 288 400 416 464 480 
-512 -496 
-512 -496 
-496 -480 -400 -384 -48 -32 192 208 480 496 
-496 -480 -368 -352 -256 -240 -208 -192 -112 -96 0 16 272 288 368 384 432 448 
-496 -480 
-496 -480 -336 -320 -32 -16 32 48 96 112 128 144 160 176 
-512 -496 
-512 -496 
-512 -496 
-512 -496 
-512 -496 
-512 -496 
-512 -496 
-512 -496 
-496 -480 -384 -368 -304 -288 -256 -240 144 160 224 240 304 320 336 352 368 384 
-496 -480 
-496 -480 -320 -304 -80 -64 -32 -16 128 144 160 176 256 272 464 480 
-496 -480 
-368 -208 -192 -176 -160 64 80 96 112 160 176 256 272 368 384 448 464 
-512 -496 -480 -464 -448 -416 -400 -384 -368 -352 -336 -320 -304 -288 -272 -256 -240 -224 -208 -192 -176 -160 -144 -128 -112 -96 -80 -64 -48 -32 -16 0 16 32 48 64 80 96 112 128 144 160 176 192 208 224 240 256 272 288 304 320 336 352 368 416 432 448 496 
-512 -496 
-400 -384 -208 -192 -80 -64 -32 -16 32 48 272 288 304 320 352 368 464 480 
-496 -480 -432 -416 -400 -112 -96 16 32 144 160 176 192 224 240 384 400 464 480 
-496 -480 -416 -400 -208 -192 -176 -160 -144 128 144 240 256 336 352 416 432 
-512 -496 -480 -464 -416 -400 -256 -240 464 480 496 
-512 -496 -464 -448 112 128 368 384 432 448 464 480 
-480 -464 -400 -384 -176 -160 -144 -128 -112 -80 -64 48 64 336 352 384 400 464 480 
-512 -496 -480 -464 -448 -432 -416 -352 -336 -256 -240 64 80 240 256 
-496 -480 
-496 -480 -352 -336 -256 -240 -128 -112 -16 0 16 32 144 160 288 304 496 
-496 -480 -416 -400 -320 -304 -256 -240 -224 80 96 208 224 416 432 
-496 -480 -288 -272 -80 -64 -48 -32 -16 0 16 32 48 352 368 
-496 -480 -464 -448 -432 -416 -192 -176 -48 -32 96 112 176 192 368 384 432 448 464 480 
-512 -496 -480 -432 -416 -400 -384 -368 176 192 256 272 368 384 480 496 
-512 -496 -480 -416 -224 -208 -176 -160 16 32 112 128 224 240 320 336 
-400 -384 -224 -208 -144 -128 -112 16 32 48 64 144 160 256 272 
-512 -496 -352 -336 -304 -288 -144 -128 -112 208 224 256 272 336 352 
-464 -448 -160 -144 -48 -32 -16 0 144 160 400 416 480 496 
-272 -256 -160 -144 -48 -32 112 128 144 160 208 224 240 256 384 400 416 480 496 
-464 -448 -320 -304 -256 -240 112 128 240 256 368 384 416 432 448 464 
-480 -464 -448 -368 -352 -256 -240 -112 -96 48 64 176 192 272 288 448 464 480 
-496 -480 144 160 176 192 208 224 384 400 416 432 448 464 480 
-512 -496 -480 -272 -256 -176 -160 192 208 288 304 384 400 464 480 
-512 -496 -480 -464 -416 -400 -208 -192 -112 -96 -48 -32 192 208 256 272 288 
-368 -352 -336 -320 -304 -256 -240 -160 -144 -96 -80 -64 -48 32 48 128 144 416 432 
-496 -480 -464 64 80 224 240 256 272 288 384 400 416 432 
-496 -480 -464 -448 -144 -128 -64 -48 -16 0 32 48 64 80 96 112 288 304 
-416 -400 -384 -144 -128 -112 -64 -48 80 96 144 160 240 256 336 352 448 464 
-480 -464 
-496 -480 -464 -448 -224 -208 96 112 128 320 336 352 448 464 
-384 -368 -272 -256 -240 -224 -112 -96 48 64 192 208 240 256 304 320 368 384 400 
-176 -160 -16 0 48 64 96 112 128 144 160 256 272 352 368 416 432 
-496 -480 -464 -448 -368 -352 -304 -288 -64 -48 128 144 240 256 464 480 
-480 -464 
-416 -400 -336 -320 -256 -240 -160 -144 -32 -16 384 400 416 432 464 480 
-416 -400 -256 -240 -224 176 192 256 272 368 384 400 480 496 
-496 -480 -464 -448 -368 -352 -336 -112 -96 -64 -48 128 144 
-512 -496 
-448 -432 -336 -320 -304 -224 -208 112 128 144 160 304 320 480 496 
-496 -432 -416 -384 -368 -32 -16 48 64 192 208 
-496 -480 -464 -432 -416 -352 -336 -192 -176 -128 -112 -48 -32 64 80 256 272 
-512 -496 -464 -448 -432 -144 -128 -16 0 96 112 160 176 
-432 -416 -400 -384 -16 0 16 32 64 80 160 176 192 208 
-512 -496 -480 -464 -448 -80 -64 128 144 352 368 384 400 464 480 
-512 -496 -416 -400 -224 -208 144 160 192 208 240 256 352 368 384 416 432 
-512 -496 -480 -400 -384 -352 -336 -192 -176 -128 -112 -96 -80 16 32 352 368 
-496 -480 -400 -384 0 16 80 96 336 352 400 416 464 480 496 
-496 -480 -464 -448 -240 -224 -208 -192 384 400 
-464 -448 -432 -352 -336 -320 -304 0 16 32 48 64 448 464 480 
-496 -480 -448 -432 -288 -272 -208 -192 -176 -144 -128 -96 -80 -16 0 448 464 
-512 -496 -272 -256 -160 -144 -128 -64 -48 48 64 80 96 256 272 416 432 464 480 
-416 -400 -288 -272 -144 -128 -112 -96 112 128 352 368 384 400 416 
-448 -432 -384 -368 -304 -288 -240 -224 80 96 112 128 288 304 368 384 400 416 
-496 -480 -432 -416 -336 -320 -176 -160 -128 -112 -48 -32 208 224 272 288 304 320 
-496 -480 -464 -336 -320 -304 -256 -240 -144 -128 -16 0 128 144 416 432 
-496 -480 -320 -304 -288 -128 -112 -64 -48 0 16 304 320 352 368 480 496 
-448 -432 -400 -384 -336 -320 -192 -176 -112 -96 32 48 80 96 384 400 
-432 -416 
-432 -416 
-464 -448 -96 -80 -48 -32 32 48 256 272 352 368 384 400 480 496 
-496 -480 
-304 -288 -160 -144 -80 -64 16 32 224 240 256 288 304 384 400 480 496 
-432 -416 
-416 -400 -288 -272 -160 -144 -64 -48 48 64 336 352 384 400 464 480 496 
-512 -496 -240 -224 -208 -192 -176 -64 -48 80 96 160 176 304 320 336 352 384 400 
-240 -224 -192 -176 -112 -96 0 16 192 208 272 288 368 384 432 448 
-512 -496 -288 -272 -256 -240 -176 -160 352 368 384 400 416 448 464 480 496 
-512 -496 -480 -304 -288 -208 -192 -96 -80 -64 -48 224 240 
-144 -128 128 144 192 208 224 240 256 272 448 464 480 
-480 -464 
-224 -208 -128 -112 -96 -32 -16 16 32 288 304 352 368 384 
-512 -496 -272 -256 -176 -160 -16 0 16 64 80 112 128 144 160 
-320 -304 -112 -96 16 32 48 192 208 224 304 320 384 400 
-512 -496 -464 -448 -352 -336 -32 -16 64 80 96 304 320 400 416 448 464 
-272 -256 -208 -192 -176 -112 -96 -48 -32 48 64 96 112 144 160 192 208 384 400 
-432 -416 -192 -176 -96 -80 0 16 32 48 96 112 432 448 480 496 
-480 -464 -400 -384 -368 -352 -208 -192 -176 -160 80 96 368 384 416 432 
-496 -480 -464 -256 -240 -176 -160 -112 -96 -80 0 16 128 144 192 208 288 304 
-336 -320 -272 -256 -224 -208 -192 80 96 160 176 320 336 384 400 
-496 -480 -176 -160 -128 -112 -96 16 32 48 80 96 160 176 256 272 432 448 
-512 -496 -240 -224 -192 -176 -128 -112 -96 80 96 112 400 416 464 480 
-496 -480 -384 -368 -288 -272 96 112 160 176 272 288 496 
-496 -480 -464 -448 -208 -192 -176 -160 -32 -16 80 96 160 176 432 448 464 480 
-496 -480 -464 -256 -240 -112 -96 -16 0 32 48 64 320 336 352 384 400 
-496 -480 -384 -368 -288 -272 -16 0 48 64 336 352 368 448 
-432 -416 -368 -352 -320 -304 -160 -144 -128 -112 -16 0 128 144 192 208 
-496 -480 -336 -320 -288 -272 -64 -48 16 32 96 112 192 208 224 240 400 416 
-496 -480 -464 -304 -288 -192 -176 -144 -128 240 256 432 448 464 480 
-496 -480 -288 -272 -208 -192 16 32 80 96 128 144 272 288 368 384 400 
-496 -480 -448 -432 -416 -400 -384 -272 -256 -240 -32 -16 64 80 464 480 
-464 -448 -304 -288 -224 -208 160 176 240 256 320 336 352 368 384 400 
-496 -480 -448 -432 -416 -400 -368 -352 -272 -256 0 16 32 48 80 96 176 192 
-512 -496 -432 -416 -80 -64 32 48 64 80 192 208 288 304 400 416 464 480 
-496 -480 -352 -336 -272 -256 -192 -176 -32 -16 160 176 336 352 368 464 480 
-288 -272 -48 -32 -16 144 160 352 368 416 432 464 480 
-496 -480 -368 -352 -336 -320 -304 -256 -240 -48 -32 48 64 112 128 144 160 
-464 -448 -368 -352 -336 -304 -288 -192 -176 -160 -128 -112 -48 -32 128 144 176 192 
-496 -480 -336 -320 -128 -112 0 16 32 48 64 80 112 128 176 192 224 240 416 432 
-16 0 
-16 0 
-16 0 
-16 0 
-16 0 
-16 0 
-16 0 
-16 0 
-16 0 
-16 0 
-16 0 
-512 -496 -336 -320 -240 -224 -128 -112 -96 0 16 192 208 384 400 480 496 
-496 -480 -416 -400 -352 -336 -208 -192 -32 -16 96 112 288 304 400 416 
-432 -416 
-432 -416 
-480 -464 -352 -336 -320 -176 -160 -112 -96 192 208 224 320 336 464 480 
-496 -480 -464 -448 -432 -416 -224 -208 192 208 304 320 416 432 464 480 
-496 -480 -400 -384 -272 -256 -176 -160 0 16 32 432 448 
-496 -480 -464 -448 -416 -400 -368 -352 -192 -176 -80 -64 384 400 464 480 
-448 -432 -416 -384 -368 -352 -336 -288 -272 144 160 256 272 288 368 384 
-368 -352 -256 -240 -208 -192 -176 -64 -48 112 128 176 192 256 272 320 336 384 400 
-496 -480 -464 -448 -224 -208 -96 -80 0 16 32 64 80 336 352 
-464 -448 -256 -240 -208 -192 -176 -160 -16 0 224 240 256 368 384 464 480 
-384 -368 -256 -240 -192 -176 96 112 128 144 160 208 224 
-512 -496 
-464 -448 -432 -224 -208 192 208 224 304 320 384 400 
-496 -480 -464 -448 -432 -288 -272 -256 -240 -224 -208 -192 -80 -64 
-464 -448 -400 -384 -368 -64 -48 64 80 176 192 352 368 384 400 416 
-496 -480 -464 -448 -432 -368 -352 0 16 192 208 240 256 304 320 400 416 480 496 
-400 -384 -368 -352 -336 -192 -176 32 48 96 112 240 256 336 352 432 448 
-416 -400 -368 -352 -304 -288 -272 -256 -144 -128 -112 -96 16 32 144 160 240 256 384 400 
-496 -480 -304 -288 -224 -208 0 16 48 64 368 384 
-496 -480 -384 -368 -304 -256 -240 240 256 480 496 
-496 -480 -256 -240 -96 -80 -64 -48 -16 0 96 112 288 304 320 336 368 384 
-432 -416 
-512 -496 -368 -352 16 32 48 64 160 176 224 240 288 304 320 336 400 416 464 480 
-512 -496 -480 -400 -384 -272 -256 -160 -144 -64 -48 160 176 384 400 464 480 
-480 -464 -240 -224 -160 -144 -112 -96 -32 -16 0 160 176 400 416 
-512 -496 
-512 -496 
-496 -480 
-496 -480 
-208 -192 -176 -80 -64 96 112 192 208 256 272 288 304 416 432 464 480 
-432 -416 
-432 -416 
-512 -496 -480 -272 -256 -208 -192 -176 -160 -96 -80 -32 -16 96 112 176 192 
-512 -432 -416 -224 -208 -80 -64 80 96 448 464 480 
-496 -480 -368 -352 -192 -176 -48 -32 160 176 256 272 416 432 464 480 
-432 -416 -352 -336 -256 -240 -224 -144 -128 -48 -32 -16 0 64 80 192 208 400 416 
-352 -336 -96 -80 -64 -48 64 80 240 256 272 400 416 
-496 -480 -448 -432 -320 -304 -240 -224 -48 -32 16 32 128 144 224 240 336 352 
-512 -496 -448 -432 -416 -400 -240 -224 -192 -176 -128 -112 176 192 336 352 384 400 464 480 
-384 -368 -160 -144 -128 -112 -96 32 48 240 256 464 480 496 
-432 -416 
-432 -416 
-432 -416 
-512 -496 -224 -208 -192 -176 64 80 128 144 160 176 208 224 320 336 464 480 
-496 -480 -416 -400 -368 -352 -320 -304 -272 -256 32 48 64 304 320 
-496 -480 -464 -448 -304 -288 -272 -256 -208 -192 176 192 
-496 -480 -384 -368 -288 -272 -208 -192 -176 -160 -144 176 192 240 256 272 288 
-496 -480 -432 -416 -256 -240 -144 -128 -112 160 176 
-512 -496 -448 -432 -368 -352 192 208 240 256 304 320 464 480 
-496 -480 -416 -400 -368 -352 -272 -256 -240 -32 -16 0 16 432 448 480 496 
-512 -496 
-512 -496 
-496 -480 
-496 -480 
-496 -480 -272 -256 -208 -192 -176 -160 0 16 224 240 416 432 480 496 
-496 -480 -464 -448 -416 -400 -240 -224 -208 -112 -96 416 432 448 464 
-512 -496 -448 -432 -400 -384 -288 -272 176 192 208 224 416 432 448 464 
-512 -496 
-496 -480 -448 -432 -224 -208 -144 -128 144 160 208 224 368 384 
-512 -496 
-512 -496 
-496 -480 
-496 -480 
-496 -480 
-496 -480 
-496 -480 
-496 -480 -432 -368 -352 -336 0 16 32 368 384 464 480 496 
-496 -480 -368 -352 -240 -224 -208 -32 -16 112 128 480 496 
-240 -224 -208 -192 -64 -48 -32 32 48 64 80 256 272 448 464 480 496 
-512 -496 -480 -464 -416 -400 -336 -320 -144 -128 -16 0 16 32 352 368 
-496 -480 -448 -432 -416 -400 -336 -320 -48 -32 176 192 384 400 416 448 464 480 
-496 -480 
-496 -480 
-512 -496 -480 -464 -432 -416 -320 -304 -208 -192 192 208 256 272 
-496 -480 -368 -352 -336 -320 -304 -288 32 48 96 112 224 240 288 304 336 352 
-496 -480 -464 -352 -336 -256 -240 32 48 176 192 272 288 416 432 464 480 
-96 -80 
-96 -80 
-96 -80 
-512 -496 -480 -400 -384 -192 -176 -128 -112 -96 -80 240 256 352 368 384 400 416 
432 448 464 480 
-416 -400 
-416 -400 
-416 -400 
-416 -400 
-416 -400 
-416 -400 
-368 -352 -160 -144 16 32 48 64 80 96 208 224 288 304 496 
-432 -416 -384 -368 -224 -208 -160 -144 -32 -16 32 48 64 304 320 416 432 
-512 -496 -288 -272 -144 -128 -112 -96 16 32 96 112 432 448 464 480 
432 448 464 480 
416 432 448 464 
432 448 464 480 496 
416 432 448 464 480 496 
416 432 
416 432 448 464 496 
-480 -464 -416 -400 -304 -288 -240 -224 192 208 272 288 336 352 368 
-384 -368 -288 -272 -208 -192 -48 -32 48 64 336 352 384 400 480 496 
496 
496 
496 