
-256 208 224 


-336 -320 224 240 
208 224 320 
-288 -272 
192 208 224 240 



320 336 
144 160 

384 
32 48 


-368 -352 288 304 
224 240 



176 224 
240 

272 288 


-272 
-272 


-400 -384 272 
304 320 
-320 
-416 -400 -384 
272 288 
-336 256 272 

256 272 

-320 -304 -288 

-320 -304 
272 288 
-272 -256 
-400 -384 -352 -336 

-416 -400 -288 -272 
-272 -256 

208 224 272 288 
160 176 

-208 
-336 -320 



176 192 256 

-320 -304 
































-368 -352 -336 -320 208 256 272 
336 352 

-240 -224 224 
-304 -288 

240 
-352 -336 -256 -240 320 336 
-336 -320 

256 272 

256 272 


-288 -272 
-368 -352 224 240 256 

-272 160 176 


-368 -352 272 288 

-320 -304 
176 192 











208 

-384 224 240 

464 480 
-208 
288 304 320 336 











































-368 -352 
-432 -416 

208 224 
336 352 
-320 -304 
-416 -400 -304 -288 272 288 


-448 -432 


-384 -368 
-224 
-448 -432 

-448 -432 -368 -352 
-368 -352 304 320 336 



-416 -400 192 208 





-352 -336 288 304 
-448 -432 -336 -320 320 336 

-400 -384 
-448 -432 

352 






224 240 
256 272 320 
256 272 


304 320 

336 352 



-368 304 


-272 -256 





-432 
256 272 
-304 -288 224 240 272 288 304 


256 272 




-416 -400 


-400 -384 

-352 -336 240 256 
-400 


-448 304 320 
-320 -304 


304 320 
-448 -432 288 



-448 -432 


-384 -368 352 
-448 -432 288 304 

-384 



-320 -304 
-448 -432 
-448 -432 
-448 -432 
-368 -352 

336 352 368 
336 352 


336 352 
-400 -384 



352 368 

-432 
-416 -400 
-432 
-400 -384 
336 


-432 
-400 -384 



304 320 
432 

-352 -336 
336 

-464 -448 -416 -400 

240 
288 304 
-448 -432 -400 -384 



-400 -384 
-448 -432 336 352 
304 320 
288 304 368 384 
-464 -448 
368 384 


-272 -256 
-416 -400 160 176 
448 


304 320 



-320 -304 
368 384 







-320 -304 400 416 
400 416 
-400 -384 
-400 

-432 -416 

-416 -400 




-256 -240 
-384 -368 
416 432 



















































































































400 416 






































































































































































































































































































































































































































































































































































































































































































































































-480 -464 

-464 -448 352 368 


-496 -480 336 352 
336 352 400 416 
-240 -224 
416 432 
400 416 

































-480 -464 

-320 -304 
-480 -464 -416 -400 

400 416 




336 352 


352 368 


416 432 
336 352 

-384 -368 



-480 -464 
-480 -464 



336 352 



-368 -352 


320 336 416 432 448 
-288 -272 

-416 -400 
416 432 
-416 -400 

400 416 432 
-368 -352 400 416 
384 400 



416 432 

-352 -336 






-480 -464 384 400 



-336 -320 










































-288 -272 416 432 


400 416 
-272 416 

-368 416 432 

-480 -464 



-384 

400 416 


400 416 
368 384 






400 416 
-464 -448 -432 


400 416 

-480 -464 416 432 

368 384 400 416 432 

272 288 
384 400 

-400 -384 400 416 







400 416 
-240 336 352 

-480 -464 432 448 
400 416 

448 
-352 -336 


-480 -464 -368 -352 

416 432 


-496 -480 
-496 -416 

-336 -320 -256 -240 

-416 -400 







-352 336 368 416 




336 352 













-464 


352 368 




368 384 
416 432 
-496 -480 









-432 -416 

-496 -480 
-304 -288 272 288 
448 464 

-480 -464 
416 432 









400 416 



-432 352 368 
432 448 

400 416 432 448 








-256 -240 


-416 -400 


384 400 
-480 -464 

432 448 464 

-480 -464 
464 480 
-416 -400 464 480 

384 400 

448 464 
-448 -432 
-496 -480 
-464 -448 -432 

384 400 
-464 -448 
352 368 

464 480 
416 432 464 480 








464 480 








464 480 

432 448 

-400 -384 
-432 384 400 464 480 





-480 -352 -336 496 



464 480 
464 480 



-448 -432 
-496 -480 
-400 -384 




-400 -384 496 



480 496 



480 496 





432 448 
-400 -384 352 368 

-496 -480 
-480 -464 -400 480 496 
-448 
-480 
464 480 496 

480 496 



352 368 





480 496 




464 





-496 -480 464 480 


-496 -480 

320 336 

-496 -480 


-496 -480 
464 480 




464 480 


432 464 480 
-512 -496 

320 336 


-496 -480 

496 

-496 -480 -416 -400 














432 448 
448 464 




352 368 464 480 
352 368 
448 464 



-448 -432 400 416 

-496 -480 
352 368 
-496 -480 

-256 -240 

-368 -352 
-432 -416 -288 -272 




464 480 








-496 -480 
368 384 

-416 -400 


352 368 432 448 




416 432 
448 464 

-368 -352 352 368 384 400 416 432 
-416 -400 









-384 -368 







-416 -400 
464 
-352 -336 




-352 -336 
448 464 














-352 -336 

480 



480 
400 416 



