
14 3
13 0
13 0
13 4
13 3
12 2
16 4
20 0
15 0
16 0
14 2
18 2
16 0
14 1
15 2
13 0
16 0
13 4
11 2
17 0
17 0
16 0
13 2
14 1
16 0
17 2
12 0
7 0
16 1
17 1
17 0
16 0
15 3
14 2
15 1
13 3
15 2
11 3
17 0
12 2
15 0
11 3
18 0
12 2
15 2
16 2
11 4
18 0
14 4
16 2
16 0
13 4
14 2
16 0
17 1
11 2
17 0
15 0
12 0
14 3
20 0
13 2
16 0
2 0
2 0
2 0
2 0
2 0
2 0
2 0
2 0
2 0
2 0
2 0
2 0
2 0
2 0
2 0
2 0
2 0
2 0
2 0
2 0
2 0
2 0
2 0
2 0
2 0
2 0
2 0
2 0
13 0
14 0
17 0
9 7
16 2
15 0
14 3
8 2
17 0
15 1
11 6
13 2
17 0
14 2
14 0
12 2
16 0
15 0
14 2
10 5
16 0
10 3
2 0
14 0
14 4
17 0
10 2
13 2
11 0
17 0
14 0
2 0
2 0
2 0
2 0
2 0
2 0
2 0
2 0
12 1
12 0
10 3
16 0
7 2
14 1
13 4
2 0
2 0
2 0
2 0
2 0
2 0
2 0
2 0
2 0
2 0
2 0
2 0
2 0
2 0
2 0
2 0
2 0
2 0
2 0
2 0
2 0
2 0
2 0
2 0
2 0
2 0
2 0
2 0
2 0
2 0
2 0
2 0
2 0
2 0
2 0
2 0
2 0
2 0
2 0
2 0
17 0
15 0
18 0
14 2
14 2
18 0
12 2
13 2
13 2
10 6
19 0
15 0
12 2
17 0
16 0
11 2
13 1
13 2
17 0
15 4
9 5
20 0
2 0
2 0
12 4
16 0
15 0
2 0
2 0
14 0
13 4
10 6
19 0
11 2
14 2
2 0
17 1
17 0
14 0
15 0
14 0
15 0
15 0
14 2
12 3
14 2
17 0
16 0
13 2
18 0
14 2
15 0
2 0
16 0
15 2
12 0
15 0
16 2
18 0
2 0
14 0
15 0
17 0
12 1
12 2
11 7
19 0
12 0
16 2
14 0
17 0
2 0
2 0
16 2
16 0
16 0
15 2
2 0
15 4
13 1
15 0
16 0
16 3
13 2
13 0
15 0
13 2
10 3
16 0
18 0
18 0
11 2
14 0
18 0
15 3
13 4
14 0
14 1
17 0
16 0
18 0
17 2
14 2
15 2
17 2
17 2
16 0
12 3
15 2
2 0
16 0
15 2
13 2
19 0
17 0
17 0
16 2
2 0
17 1
17 2
12 1
16 2
13 1
17 0
15 0
15 1
16 2
16 0
18 0
18 0
15 2
16 1
17 0
12 2
17 1
18 0
15 4
15 0
15 1
18 2
13 4
17 0
3 0
19 0
13 2
11 4
14 2
14 4
16 2
13 2
15 0
17 0
16 2
13 4
15 1
18 0
15 0
12 2
14 0
20 0
17 0
18 2
14 2
14 0
17 0
20 0
19 0
16 0
17 0
18 0
13 4
15 2
14 2
17 1
16 0
16 2
18 0
15 2
19 0
16 0
17 0
19 0
16 2
14 2
16 2
2 0
2 0
2 0
2 0
2 0
2 0
2 0
2 0
2 0
2 0
2 0
2 0
2 0
2 0
2 0
2 0
2 0
2 0
2 0
2 0
2 0
2 0
2 0
2 0
2 0
2 0
2 0
2 0
2 0
2 0
2 0
2 0
2 0
2 0
2 0
2 0
2 0
2 0
2 0
2 0
2 0
2 0
2 0
2 0
2 0
2 0
2 0
2 0
2 0
2 0
2 0
2 0
2 0
2 0
2 0
2 0
2 0
2 0
2 0
2 0
2 0
2 0
2 0
2 0
2 0
2 0
2 0
2 0
2 0
2 0
2 0
2 0
2 0
2 0
2 0
2 0
2 0
2 0
2 0
2 0
2 0
2 0
2 0
2 0
2 0
2 0
2 0
2 0
2 0
2 0
2 0
2 0
2 0
2 0
2 0
2 0
2 0
2 0
2 0
2 0
2 0
2 0
2 0
2 0
2 0
2 0
2 0
2 0
2 0
2 0
2 0
2 0
2 0
14 0
16 0
16 2
2 0
2 0
2 0
2 0
2 0
2 0
2 0
2 0
2 0
2 0
2 0
2 0
2 0
2 0
2 0
2 0
2 0
2 0
2 0
2 0
2 0
2 0
2 0
2 0
2 0
2 0
2 0
2 0
2 0
2 0
2 0
2 0
2 0
2 0
2 0
2 0
2 0
2 0
2 0
2 0
2 0
2 0
2 0
2 0
2 0
2 0
2 0
2 0
2 0
2 0
2 0
2 0
2 0
2 0
2 0
2 0
2 0
2 0
2 0
2 0
2 0
2 0
2 0
2 0
2 0
2 0
2 0
2 0
2 0
2 0
2 0
2 0
2 0
2 0
2 0
2 0
2 0
2 0
2 0
2 0
2 0
2 0
2 0
2 0
2 0
2 0
2 0
2 0
2 0
2 0
2 0
2 0
2 0
2 0
2 0
2 0
2 0
2 0
2 0
2 0
2 0
2 0
2 0
2 0
2 0
2 0
2 0
2 0
2 0
2 0
2 0
2 0
2 0
2 0
2 0
2 0
2 0
2 0
2 0
2 0
2 0
2 0
2 0
2 0
2 0
2 0
2 0
2 0
2 0
2 0
2 0
2 0
2 0
2 0
2 0
2 0
2 0
2 0
2 0
2 0
2 0
2 0
2 0
2 0
2 0
2 0
2 0
2 0
2 0
2 0
2 0
2 0
2 0
2 0
2 0
2 0
2 0
2 0
2 0
2 0
2 0
2 0
2 0
2 0
2 0
2 0
2 0
2 0
2 0
2 0
2 0
2 0
2 0
2 0
2 0
2 0
2 0
2 0
2 0
2 0
2 0
2 0
2 0
2 0
2 0
2 0
2 0
2 0
2 0
2 0
2 0
2 0
2 0
2 0
2 0
2 0
2 0
2 0
2 0
2 0
2 0
2 0
2 0
2 0
2 0
2 0
2 0
2 0
2 0
2 0
2 0
2 0
2 0
2 0
2 0
2 0
2 0
2 0
2 0
2 0
2 0
2 0
2 0
2 0
2 0
2 0
2 0
2 0
2 0
2 0
2 0
2 0
2 0
2 0
2 0
2 0
2 0
2 0
2 0
2 0
2 0
2 0
2 0
2 0
2 0
2 0
2 0
2 0
2 0
2 0
2 0
2 0
2 0
2 0
2 0
2 0
2 0
2 0
2 0
2 0
2 0
2 0
2 0
2 0
2 0
2 0
2 0
2 0
2 0
2 0
2 0
2 0
2 0
2 0
2 0
2 0
2 0
2 0
2 0
2 0
2 0
2 0
2 0
2 0
2 0
2 0
2 0
2 0
2 0
2 0
2 0
2 0
2 0
2 0
2 0
2 0
2 0
2 0
2 0
2 0
2 0
2 0
2 0
2 0
2 0
2 0
2 0
2 0
2 0
2 0
2 0
2 0
2 0
2 0
2 0
2 0
2 0
2 0
2 0
2 0
2 0
2 0
2 0
2 0
2 0
2 0
2 0
2 0
2 0
2 0
2 0
2 0
2 0
2 0
2 0
2 0
2 0
2 0
2 0
2 0
2 0
2 0
2 0
2 0
2 0
2 0
2 0
2 0
2 0
2 0
2 0
2 0
2 0
2 0
2 0
2 0
2 0
2 0
2 0
2 0
2 0
2 0
2 0
2 0
2 0
2 0
2 0
2 0
2 0
2 0
2 0
2 0
2 0
2 0
2 0
2 0
2 0
2 0
2 0
2 0
2 0
2 0
2 0
2 0
2 0
2 0
2 0
2 0
2 0
2 0
2 0
2 0
2 0
2 0
2 0
2 0
2 0
2 0
2 0
2 0
2 0
2 0
2 0
2 0
2 0
2 0
2 0
2 0
2 0
2 0
2 0
2 0
2 0
2 0
2 0
2 0
2 0
2 0
2 0
2 0
2 0
2 0
2 0
2 0
2 0
2 0
2 0
2 0
2 0
2 0
2 0
2 0
2 0
2 0
2 0
2 0
2 0
2 0
2 0
2 0
2 0
2 0
2 0
2 0
2 0
2 0
2 0
2 0
2 0
2 0
2 0
2 0
2 0
2 0
2 0
2 0
2 0
2 0
2 0
2 0
2 0
2 0
2 0
2 0
2 0
2 0
2 0
2 0
2 0
2 0
2 0
2 0
2 0
2 0
2 0
2 0
2 0
2 0
2 0
2 0
2 0
2 0
2 0
2 0
2 0
2 0
2 0
2 0
2 0
2 0
2 0
2 0
2 0
2 0
2 0
2 0
2 0
2 0
2 0
2 0
2 0
2 0
2 0
2 0
2 0
2 0
2 0
2 0
2 0
2 0
2 0
2 0
2 0
2 0
2 0
2 0
2 0
2 0
2 0
2 0
2 0
2 0
2 0
2 0
2 0
2 0
2 0
2 0
3 0
2 0
2 0
2 0
2 0
2 0
2 0
2 0
2 0
2 0
2 0
2 0
2 0
2 0
2 0
2 0
2 0
2 0
2 0
2 0
2 0
2 0
2 0
2 0
2 0
2 0
2 0
2 0
2 0
2 0
2 0
2 0
2 0
2 0
2 0
2 0
2 0
2 0
2 0
2 0
2 0
2 0
2 0
2 0
2 0
2 0
2 0
2 0
2 0
2 0
2 0
2 0
2 0
2 0
2 0
2 0
2 0
2 0
2 0
2 0
2 0
2 0
2 0
2 0
2 0
2 0
2 0
2 0
2 0
2 0
2 0
2 0
2 0
2 0
2 0
2 0
2 0
2 0
2 0
2 0
2 0
2 0
2 0
2 0
2 0
2 0
2 0
2 0
2 0
2 0
2 0
2 0
2 0
2 0
2 0
2 0
2 0
2 0
2 0
2 0
2 0
2 0
2 0
2 0
2 0
2 0
2 0
2 0
2 0
2 0
2 0
2 0
2 0
2 0
2 0
2 0
2 0
2 0
2 0
2 0
2 0
2 0
2 0
2 0
2 0
2 0
2 0
2 0
2 0
2 0
2 0
2 0
2 0
2 0
2 0
2 0
2 0
2 0
2 0
2 0
2 0
2 0
2 0
2 0
2 0
2 0
2 0
2 0
2 0
2 0
2 0
2 0
2 0
2 0
2 0
2 0
2 0
2 0
2 0
2 0
2 0
2 0
2 0
2 0
2 0
2 0
2 0
2 0
2 0
2 0
2 0
2 0
2 0
2 0
2 0
2 0
2 0
2 0
2 0
2 0
2 0
2 0
2 0
2 0
2 0
2 0
2 0
2 0
2 0
2 0
2 0
2 0
2 0
2 0
2 0
2 0
2 0
2 0
2 0
2 0
2 0
2 0
2 0
2 0
2 0
2 0
2 0
2 0
2 0
2 0
2 0
2 0
2 0
2 0
13 2
15 0
10 4
2 0
18 0
16 4
11 4
17 2
15 2
18 2
13 0
16 0
2 0
2 0
2 0
2 0
2 0
2 0
2 0
2 0
2 0
2 0
2 0
2 0
2 0
2 0
2 0
2 0
2 0
2 0
2 0
2 0
2 0
2 0
2 0
2 0
2 0
2 0
2 0
2 0
2 0
2 0
2 0
15 2
18 0
15 2
10 4
19 0
14 2
17 0
19 0
2 0
19 0
16 2
17 0
17 0
14 2
17 0
2 0
15 2
8 2
2 0
14 2
17 0
16 0
16 0
16 2
13 2
18 0
18 0
2 0
17 2
2 0
2 0
18 0
16 2
15 0
14 0
12 5
15 2
2 0
14 2
14 2
16 2
15 0
13 3
13 4
15 2
19 0
16 0
2 0
12 2
2 0
11 2
2 0
19 0
16 0
3 0
3 0
13 0
14 4
15 0
16 0
2 0
14 2
2 0
2 0
2 0
2 0
2 0
2 0
2 0
2 0
2 0
2 0
2 0
2 0
2 0
2 0
2 0
2 0
2 0
2 0
2 0
2 0
2 0
2 0
2 0
2 0
2 0
2 0
2 0
2 0
2 0
2 0
2 0
2 0
2 0
2 0
2 0
2 0
2 0
2 0
2 0
2 0
2 0
2 0
14 4
17 0
16 0
18 2
10 2
2 0
11 3
13 0
14 2
2 0
16 0
17 0
16 1
15 0
13 2
2 0
13 0
15 2
13 2
17 0
17 0
15 0
15 0
19 0
14 0
16 2
14 3
15 0
17 0
14 2
2 0
13 4
18 0
14 5
15 0
14 2
13 2
2 0
12 4
14 0
2 0
2 0
19 0
18 0
2 0
2 0
13 2
12 3
2 0
12 4
14 2
2 0
16 1
17 2
2 0
18 0
14 4
17 0
16 2
2 0
2 0
17 2
14 2
2 0
14 4
2 0
17 2
16 0
2 0
2 0
17 0
11 0
2 0
2 0
57 4
2 0
2 0
12 0
14 0
16 2
19 0
2 0
2 0
15 0
17 0
16 0
17 0
2 0
2 0
2 0
2 0
2 0
16 0
15 1
18 0
17 0
15 2
15 0
2 0
2 0
2 0
16 2
16 2
11 2
2 0
2 0
2 0
2 0
17 0
17 0
18 0
2 0
17 0
16 2
2 0
12 2
16 4
16 2
18 0
16 2
13 2
16 0
2 0
2 0
2 0
2 0
2 0
2 0
2 0
2 0
14 2
17 0
17 0
2 0
15 3
14 2
18 0
11 4
2 0
14 0
16 0
16 0
16 0
19 0
2 0
15 0
16 2
12 0
15 0
18 2
16 0
19 0
14 2
15 2
17 0
15 3
16 0
14 2
17 2
12 4
17 0
16 2
15 0
15 2
17 2
16 2
14 3
16 0
16 2
15 2
15 2
2 0
11 2
12 4
2 0
2 0
16 0
2 0
2 0
10 0
18 0
2 0
14 2
2 0
2 0
2 0
2 0
2 0
2 0
2 0
2 0
18 2
2 0
16 2
2 0
17 2
59 5
2 0
18 0
19 0
17 0
11 0
12 4
19 0
15 0
2 0
17 2
15 2
15 0
20 0
16 0
16 2
15 2
15 2
14 0
19 0
16 0
18 0
15 3
15 0
17 0
19 0
14 2
18 0
18 0
2 0
14 2
19 0
17 0
16 0
2 0
16 0
14 2
13 4
2 0
15 2
11 5
17 1
13 1
14 3
15 0
17 2
17 0
15 0
10 0
15 2
17 0
19 0
15 0
18 0
18 0
16 2
17 0
16 0
2 0
2 0
16 1
2 0
17 0
2 0
17 0
19 0
16 4
17 0
13 0
13 2
2 0
14 2
15 0
14 2
17 0
19 0
16 2
16 2
18 0
15 0
18 0
16 0
13 2
18 0
17 0
14 3
16 2
18 0
15 2
17 0
16 0
16 2
18 0
18 1
17 0
13 4
17 0
18 0
20 0
2 0
2 0
2 0
2 0
2 0
2 0
2 0
2 0
2 0
2 0
2 0
17 2
16 2
2 0
2 0
16 0
16 0
13 4
16 2
16 2
19 0
15 0
17 0
13 4
2 0
12 2
14 2
16 2
19 0
17 2
20 0
12 2
11 4
18 0
2 0
20 0
17 0
15 2
2 0
2 0
2 0
2 0
17 0
2 0
2 0
17 0
12 2
16 2
19 0
13 2
18 0
20 0
14 4
2 0
2 0
2 0
18 0
15 2
12 2
17 0
11 8
14 2
17 0
2 0
2 0
2 0
2 0
16 0
15 0
16 0
2 0
14 2
2 0
2 0
2 0
2 0
2 0
2 0
2 0
14 2
13 1
17 2
16 0
18 0
2 0
2 0
14 2
18 2
17 0
2 0
2 0
2 0
18 0
4 0
2 0
2 0
2 0
2 0
2 0
2 0
15 0
17 0
16 2
4 0
4 1
5 0
6 0
2 0
5 1
15 2
16 0
1 0
1 0
1 0