
2 7 45 10 16 1935 60 116 178 140 103 161 -132 108 -224 -124 145 -218 150 129 -51 3 484 1 
12 5 67 5 25 1932 60 120 170 124 113 165 -154 95 -227 -148 146 -220 167 129 -55 -1 483 8 
6 4 48 6 18 1934 42 130 184 164 107 187 -156 113 -230 -144 142 -204 164 126 -36 0 483 15 
1 6 62 7 24 1934 42 114 201 178 108 205 -173 112 -239 -163 139 -223 169 128 -34 -1 484 22 
9 3 52 6 20 1934 42 95 208 172 108 204 -174 111 -239 -158 138 -219 183 129 -33 1 483 29 
3 7 60 5 23 1935 60 104 229 177 108 209 -176 122 -236 -166 139 -227 175 122 -21 -7 484 35 
2 5 59 5 23 1935 60 83 224 198 112 201 -177 109 -230 -157 140 -229 176 126 -27 6 484 42 
5 3 55 7 21 1935 60 92 201 168 119 188 -177 102 -230 -165 141 -231 165 124 -37 -1 484 49 
1 4 52 11 20 1934 60 106 190 156 121 179 -170 105 -236 -155 135 -240 171 124 -41 2 483 56 
1 5 55 10 21 1934 60 85 224 183 118 208 -197 108 -248 -169 135 -248 170 125 -32 -2 483 92 
0 0 55 12 22 1935 60 91 222 175 112 218 -180 110 -231 -176 135 -243 173 129 -29 -3 484 99 
0 2 61 10 24 1933 60 120 229 203 117 217 -207 109 -262 -178 132 -258 196 130 -35 5 483 106 
0 3 62 7 25 1935 60 61 220 184 125 206 -183 103 -263 -184 136 -264 182 124 -38 3 484 113 
0 4 60 9 24 1932 60 97 204 158 132 191 -191 101 -263 -202 131 -268 178 127 -45 -4 483 121 
0 5 48 11 18 1719 60 122 220 171 111 205 -175 87 -274 -172 125 -270 192 110 -51 7 430 133 
0 8 61 19 23 1934 60 116 238 223 108 213 -199 109 -262 -210 119 -283 161 147 -49 2 483 136 
0 6 50 19 19 1934 60 83 243 221 100 234 -193 109 -272 -202 129 -260 184 145 -47 3 483 183 
0 1 51 13 20 1935 60 111 234 195 113 215 -200 108 -272 -220 124 -262 184 141 -45 -1 484 190 
0 2 66 8 27 1935 60 98 245 203 117 224 -230 108 -284 -189 135 -260 197 126 -36 -4 484 197 
0 3 64 7 26 1934 60 121 238 200 116 213 -208 105 -270 -198 131 -263 207 132 -42 5 483 207 
0 3 60 6 24 1935 60 113 236 174 125 209 -215 103 -274 -210 126 -262 199 134 -39 0 484 214 
0 4 52 10 20 1934 60 123 232 190 118 220 -196 109 -268 -186 135 -256 201 123 -34 1 483 221 
0 0 67 6 28 1935 60 129 234 153 130 212 -218 92 -268 -193 133 -248 187 133 -38 -1 484 228 
0 1 58 3 24 1935 60 85 235 167 128 209 -212 95 -273 -202 133 -252 198 129 -38 0 484 235 
0 5 61 11 24 1934 60 103 230 158 132 209 -206 98 -271 -196 126 -257 193 129 -35 1 483 242 
0 4 64 7 26 1930 60 131 233 170 129 214 -204 99 -272 -184 132 -250 205 127 -33 7 483 249 
0 3 49 4 20 1934 60 78 224 150 136 192 -209 94 -279 -197 130 -242 203 128 -37 2 483 257 
0 2 56 9 22 1933 60 75 232 153 134 182 -240 84 -279 -203 133 -246 177 135 -48 -5 484 264 
0 0 18 4 7 1148 60 105 252 183 72 214 -242 54 -275 -203 85 -242 198 77 -41 -6 287 271 
0 3 53 7 21 1932 60 108 248 161 130 200 -222 95 -282 -195 134 -242 200 132 -39 1 483 278 
0 1 42 3 17 1933 60 78 247 204 125 222 -224 104 -292 -189 139 -245 219 118 -34 4 483 285 
0 4 39 6 15 1933 60 84 249 190 134 217 -238 106 -298 -190 130 -248 207 115 -24 -1 483 292 
0 1 25 6 10 1242 60 73 243 159 91 211 -215 58 -282 -204 82 -241 187 85 -30 3 311 299 
0 0 33 3 13 1933 60 99 248 185 126 225 -230 97 -289 -194 134 -239 205 126 -32 1 483 306 
0 1 54 2 22 1933 60 99 253 182 132 223 -229 93 -277 -192 141 -241 211 120 -27 1 483 313 
0 2 42 6 17 1928 60 132 250 180 125 219 -221 98 -288 -194 135 -244 204 129 -36 1 482 320 
0 3 46 5 18 1933 60 84 250 187 125 224 -218 97 -290 -186 136 -253 199 128 -38 4 483 327 
0 1 51 2 21 1932 60 137 260 189 124 236 -217 99 -283 -202 137 -254 203 127 -31 0 483 334 
0 2 47 6 19 1934 60 114 262 183 127 229 -216 99 -292 -209 133 -265 207 128 -37 1 484 341 
0 5 48 5 19 1934 60 95 257 187 127 225 -229 96 -295 -201 132 -274 193 133 -38 1 483 348 
0 1 48 4 20 1935 60 96 262 198 122 236 -228 95 -291 -206 133 -277 198 135 -43 4 484 355 
0 0 8 1 3 235 60 136 246 177 14 220 -266 11 -312 -144 19 -269 153 18 -63 -7 59 362 
0 0 19 3 7 641 60 107 253 186 42 214 -285 30 -328 -191 45 -294 179 46 -61 -6 160 478 
0 1 53 6 22 1934 60 100 256 208 120 247 -242 94 -294 -205 137 -277 201 135 -48 1 483 1225 
0 0 37 2 15 1317 60 134 254 206 81 250 -251 66 -311 -176 102 -283 195 85 -55 -3 329 1232 
0 0 6 1 2 109 60 131 272 132 6 164 -303 4 -359 -80 10 -306 125 11 -122 5 28 1252 
0 4 54 4 22 1934 60 125 255 205 122 237 -261 96 -300 -196 138 -286 203 131 -49 0 483 1266 
0 1 53 3 22 1933 60 122 255 233 116 250 -245 95 -306 -205 142 -270 205 131 -52 2 483 1273 
0 6 58 7 23 1935 60 94 252 217 122 230 -243 100 -298 -189 143 -282 200 122 -49 0 484 1280 
0 3 58 6 23 1934 60 104 254 213 118 237 -263 95 -316 -202 134 -284 186 140 -59 -1 484 1287 
0 3 49 5 20 1934 60 113 255 206 121 241 -239 94 -298 -195 140 -277 210 130 -49 4 483 1296 
0 5 61 2 25 1935 60 95 265 208 124 246 -265 92 -307 -194 141 -275 210 131 -45 3 484 1303 
0 0 14 3 5 467 60 111 253 200 29 223 -256 23 -299 -176 34 -289 160 33 -55 -6 117 1310 
0 3 51 5 21 1933 60 148 267 202 120 227 -244 97 -317 -184 138 -286 202 129 -54 2 483 1320 
0 6 56 10 22 1934 60 124 249 203 118 237 -256 97 -306 -189 137 -301 199 137 -59 1 484 1369 
0 3 51 8 20 1934 60 87 251 218 120 245 -249 92 -308 -200 138 -295 194 135 -60 3 483 1376 
0 1 42 9 17 1933 60 172 260 209 123 243 -267 90 -308 -211 135 -295 198 138 -57 0 484 1384 
0 0 36 3 15 1503 60 112 268 217 92 250 -257 72 -320 -194 116 -299 210 98 -59 -1 375 1391 
0 5 53 11 21 1930 60 154 270 206 119 247 -238 96 -317 -223 133 -304 193 142 -57 0 483 1398 
0 0 50 12 20 1929 60 154 254 199 121 260 -261 86 -317 -205 144 -311 189 136 -68 -3 482 1405 
0 1 46 11 18 1935 60 103 264 205 115 265 -254 93 -312 -214 135 -312 190 144 -63 -3 484 1414 
0 1 46 14 18 1933 60 120 253 214 116 255 -233 91 -333 -188 138 -323 177 143 -78 5 483 1423 
0 2 45 9 18 1935 60 105 254 206 123 262 -263 92 -315 -204 137 -320 189 133 -61 -3 484 1432 
0 2 34 6 13 1564 60 2095 266 224 92 257 -250 77 -337 -214 108 -315 187 120 -70 1 391 1442 
0 2 31 4 12 1247 60 117 252 222 75 270 -255 61 -313 -210 87 -328 185 92 -65 0 312 1451 
0 0 42 8 17 1934 60 103 268 210 122 254 -249 95 -315 -200 135 -317 185 133 -57 0 483 1461 
0 0 50 11 20 1931 60 142 274 217 117 263 -243 93 -328 -194 136 -325 181 145 -66 5 483 1480 
0 1 59 15 23 1746 60 115 265 201 104 262 -226 78 -332 -175 129 -336 153 139 -85 4 436 1487 
0 0 46 7 19 1932 60 124 286 214 116 262 -255 95 -335 -194 135 -319 179 145 -65 1 483 1500 
0 0 43 19 17 1932 55 131 277 217 116 263 -266 95 -336 -202 132 -340 163 148 -75 -5 483 1508 
0 0 45 13 18 1911 55 123 269 220 116 253 -263 89 -341 -199 140 -319 184 142 -73 0 478 1516 
0 1 41 7 16 1935 55 95 276 217 120 266 -258 95 -321 -214 131 -310 193 141 -53 1 484 1523 
0 1 49 7 20 1932 55 147 290 208 116 262 -242 94 -329 -201 139 -301 190 140 -58 0 483 1530 
0 0 17 5 6 588 55 108 296 236 35 268 -273 27 -363 -174 45 -326 185 41 -78 4 147 1537 
0 0 5 4 2 180 55 124 312 231 8 296 -234 7 -387 -136 15 -358 120 17 -140 4 45 1559 
0 0 7 4 2 342 55 127 279 242 19 278 -267 16 -370 -177 28 -337 147 24 -90 -13 85 1568 
0 0 36 6 14 1933 55 99 299 220 118 279 -245 102 -330 -218 133 -295 198 134 -40 -3 483 1576 
0 1 43 7 17 1934 55 126 296 229 123 282 -253 101 -333 -217 138 -294 200 129 -36 -2 484 1583 
0 2 28 8 11 1934 55 117 294 213 123 277 -253 103 -330 -217 133 -297 198 131 -36 -6 483 1590 
0 1 31 8 12 1934 55 107 308 228 124 269 -248 104 -335 -208 134 -285 218 125 -25 3 483 1605 
0 1 27 8 10 1934 55 115 302 212 127 268 -260 99 -327 -212 134 -297 208 131 -35 0 484 1612 
0 1 29 8 11 1934 55 138 309 220 132 273 -260 105 -327 -213 134 -293 214 119 -20 -2 483 1619 
0 0 24 6 9 1934 55 95 301 222 121 264 -258 103 -327 -221 130 -289 207 135 -34 0 484 1629 
0 0 26 6 10 1933 55 94 292 231 129 267 -262 104 -324 -222 134 -287 221 124 -28 1 483 1636 
0 0 24 5 9 1933 55 112 294 208 127 258 -263 94 -322 -217 140 -292 216 128 -39 -2 483 1643 
0 0 4 1 1 290 55 99 317 188 19 278 -279 14 -319 -194 24 -306 196 19 -45 -17 73 1650 
0 0 39 1 16 1933 55 111 294 237 118 268 -266 96 -321 -184 153 -279 207 125 -44 2 483 1657 
0 1 49 2 20 1932 55 106 294 236 112 276 -245 96 -325 -185 152 -286 201 130 -52 3 483 1661 
0 0 6 1 2 299 55 134 310 210 17 258 -288 13 -325 -182 21 -312 127 27 -73 -7 75 1675 
0 0 50 9 20 1933 55 112 304 216 121 258 -267 91 -319 -186 141 -292 198 134 -47 4 483 1683 
0 0 53 8 22 1933 55 127 274 232 118 291 -243 95 -315 -214 136 -325 192 141 -53 5 483 1689 
0 0 18 4 7 976 55 123 300 228 61 263 -261 50 -352 -204 65 -324 175 75 -58 2 244 1696 
0 3 48 9 19 1933 55 119 297 227 122 267 -257 104 -339 -210 126 -322 189 142 -47 3 484 1708 
0 0 10 2 4 525 55 114 300 220 33 266 -279 24 -339 -165 38 -339 164 42 -64 9 131 1715 
0 2 42 13 16 1933 55 144 293 226 115 276 -251 95 -335 -199 133 -327 167 148 -62 0 483 1724 
0 0 39 5 16 1932 55 126 299 231 113 277 -261 95 -344 -193 141 -329 180 148 -65 2 483 1734 
0 0 40 8 16 1933 55 150 283 224 120 281 -256 93 -327 -202 133 -311 188 140 -54 4 483 1746 
0 1 6 1 2 506 55 104 366 142 44 344 -150 39 -353 -213 28 -290 242 28 59 7 127 1755 
0 0 6 0 2 426 55 136 300 194 35 302 -195 29 -334 -227 26 -350 190 22 20 -5 106 1765 
0 0 18 2 7 792 55 112 373 139 69 361 -139 65 -326 -224 42 -300 215 40 93 -1 198 1772 