
218 8 14
169 0 6
219 25 26
150 16 18
116 10 15
196 13 8
156 15 10
382 6 26
328 14 28
189 25 13
120 6 18
166 10 2
161 0 44
444 21 42
595 16 26
308 24 16
244 24 22
512 20 16
138 2 9
1510 74 62
726 2 52
468 0 72
358 28 16
1230 80 36
923 48 27
739 40 14
521 26 54
413 23 46
1852 0 60
745 44 8
764 12 66
413 72 32
784 46 72
955 62 40
995 6 112
217 0 8
663 27 29
743 26 21
1317 51 20
481 40 39
892 30 56
1173 76 34
1027 0 78
1962 104 52
620 52 62
1049 41 38
1094 10 72
1052 82 32
1230 12 108
1732 0 39
1002 20 40
428 40 24
876 82 18
1242 30 92
816 16 104
527 4 69
1248 0 93
746 36 36
921 56 31
986 140 94
472 20 20
1858 120 120
1059 42 34
1214 0 84
520 30 18
403 8 28
674 34 88
1374 106 38
763 144 19
578 44 48
1449 0 60
1374 56 30
1282 36 42
576 25 30
774 50 39
422 82 16
1458 36 46
913 0 44
1123 26 111
747 56 48
1149 22 63
1232 52 74
728 12 84
1427 70 14
684 0 15
578 36 18
956 36 34
610 14 37
1300 134 48
414 94 23
1323 82 67
1398 0 56
1320 93 56
1808 88 32
1268 102 74
404 8 25
549 52 35
106 10 12
935 0 57
596 18 72
455 32 22
585 44 18
801 41 14
1032 24 52
553 42 26
424 0 12
762 48 48
788 38 46
799 20 43
384 46 33
775 70 18
904 26 40
719 0 76
877 20 63
694 26 54
581 62 34
685 18 30
504 20 48
869 4 57
402 0 50
347 30 18
701 36 34
304 14 17
739 68 28
1311 84 26
1233 46 52
456 0 46
542 34 26
326 25 36
1060 32 58
594 50 14
768 98 34
810 12 59
1173 0 75
652 56 16
567 6 82
530 58 16
1358 32 70
379 30 48
555 26 26
503 0 54
910 65 32
610 22 48
651 36 22
742 19 64
830 16 55
712 62 8
610 0 66
601 66 24
841 56 54
861 74 32
1046 114 36
608 8 44
452 16 51
1070 0 8
607 6 28
749 44 22
513 22 25
702 48 107
595 71 40
554 10 84
984 0 44
611 23 54
510 24 40
580 20 53
822 48 20
636 16 44
598 30 22
1452 0 24
664 19 90
773 66 42
704 20 40
995 42 40
602 46 28
426 38 16
400 0 6
650 58 18
526 29 18
1000 40 24
698 76 44
803 50 38
728 26 32
533 0 18
502 46 24
369 36 40
819 32 39
609 32 38
561 25 42
1099 20 22
421 0 74
730 44 42
509 20 25
371 14 40
780 52 33
631 29 16
1240 72 20
404 0 46
572 18 60
866 29 14
880 46 60
944 8 83
1069 30 62
1080 52 32
849 0 66
587 19 40
962 12 86
1231 81 20
844 14 36
1184 66 54
1078 67 28
511 0 28
838 56 50
598 22 12
814 44 18
511 12 24
619 44 26
612 40 38
966 0 30
1520 72 82
689 44 68
1040 38 26
875 58 31
1063 44 54
1103 58 40
528 0 44
764 37 58
856 32 24
1195 40 120
575 35 54
878 14 40
860 34 30
1032 0 48
824 70 6
449 42 48
938 64 38
698 18 58
630 94 40
1520 24 43
593 0 36
670 62 18
630 36 36
587 0 83
655 16 66
1151 50 72
872 24 37
834 0 38
1200 16 72
1020 106 2
1129 22 46
848 14 98
920 48 68
527 36 9
794 0 35
670 20 32
577 60 57
538 50 65
1024 80 62
680 44 23
484 28 31
1342 0 38
1240 24 90
784 35 18
1720 50 62
895 78 10
447 31 46
544 18 32
948 0 90
1298 42 110
1040 4 52
786 58 84
1203 84 36
652 68 47
1562 82 16
931 0 40
1065 41 14
774 46 49
670 20 43
644 58 28
594 60 29
594 28 12
690 0 66
876 70 15
1450 85 22
585 36 66
1248 62 38
676 53 26
1082 70 66
679 0 24
520 22 37
974 27 30
1109 7 54
1091 85 52
626 25 46
1297 36 36
866 0 110
993 66 52
609 30 62
1460 28 118
1668 60 54
1011 42 58
1078 49 79
962 0 64
1051 114 22
1141 24 56
309 21 24
830 12 97
518 16 34
892 30 61
337 0 14
848 15 20
995 18 90
1710 78 42
819 54 28
719 16 8
314 14 50
837 0 30
891 36 33
601 26 39
623 42 45
1066 53 60
752 33 64
895 19 66
1103 0 24
1058 48 52
843 39 18
633 87 16
946 65 10
1417 34 62
1044 61 27
356 0 86
784 30 24
877 46 32
539 14 36
836 0 50
1137 27 68
436 52 40
1520 54 46
331 30 42
104 4 16
56 20 0
180 12 20
112 16 0
88 16 0
76 0 0
44 12 0
70 16 0
131 8 0
27 8 0
5 12 0
122 0 0
10 20 0
180 16 0
78 16 0
148 12 0
50 16 0
52 8 0
66 8 0
93 4 0
188 20 0
162 20 0
70 4 0
154 8 12
172 12 0
166 0 0
42 16 0
102 16 0
38 4 0
28 0 0
18 20 0
6 12 0
130 0 0
180 20 0
128 16 0
212 0 12
46 4 0
100 0 12
182 8 0
86 8 0
142 4 0
50 8 0
30 8 4
36 16 0
80 8 0
124 0 8
106 12 0
210 8 0
102 0 0
60 12 0
36 20 0
86 4 0
156 12 0
42 4 0
89 4 0
5 0 0
55 4 0
0 12 0
0 16 0
0 20 0
70 0 0
70 16 0
0 16 0
0 8 0
26 8 0
44 0 0
78 20 0
122 16 0
124 8 0
70 4 0
80 20 0
0 16 0
46 4 0
18 8 0
42 12 0
90 4 0
84 8 0
194 20 0
30 4 0
102 15 0
96 10 0
44 12 0
70 16 0
96 0 0
12 20 0
80 0 0
108 8 12
114 8 16
80 0 0
98 0 0
152 8 0
26 8 0
194 0 0
78 8 0
162 8 0
166 0 0
128 0 12
104 4 0
12 16 0
154 0 0
62 4 0
134 4 0
188 12 0
0 4 0
0 4 0
70 0 0
102 4 0
132 8 0
196 12 0
194 8 0
42 0 0
0 12 0
0 4 0
58 4 0
164 8 0
80 4 0
156 12 0
80 8 8
190 8 0
24 4 0
52 16 0
0 12 0
106 16 0
150 20 0
208 4 0
154 0 0
200 8 0
2 4 0
142 12 0
142 12 0
0 4 0
124 12 0
18 16 4
130 0 0
66 16 0
98 12 4
38 4 0
142 8 0
182 12 20
86 16 0
10 0 0
128 0 0
160 4 0
46 12 0
0 12 0
102 0 0
174 16 0
42 4 0
16 0 0
186 8 0
170 16 8
194 8 0
98 4 16
20 12 0
108 8 0
156 12 0
44 0 4
80 12 0
6 20 8
116 8 20
164 16 4
34 20 4
146 16 20
124 4 0
20 16 0
32 0 0
8 12 16
208 4 0
80 12 0
182 8 0
170 0 4
60 4 20
34 4 4
36 4 0
50 0 12
166 0 16
82 0 8
18 4 12
122 4 16
184 8 4
134 12 18
760 16 33
520 0 36
529 14 106
959 12 87
842 30 30
915 64 32
899 51 36
422 12 44
762 0 38
399 27 36
838 32 75
599 65 4
645 24 19
1088 94 50
630 24 44
546 0 6
1072 42 28
1076 66 28
1151 110 32
419 34 18
735 47 16
466 38 10
969 0 77
694 18 63
1104 72 46
717 48 60
1184 0 120
632 32 38
805 26 57
1255 0 28
716 30 46
946 90 41
418 28 65
542 18 58
760 74 20
1526 18 76
764 0 80
769 50 30
701 52 18
808 82 12
899 38 26
568 16 38
568 42 36
588 0 80
860 26 54
1046 12 64
454 42 52
580 74 0
522 18 38
492 22 33
1406 0 60
1004 56 21
238 36 40
1025 2 49
767 20 54
1367 22 48
510 90 0
828 0 66
443 62 20
1165 26 59
740 41 24
279 12 40
911 40 48
936 20 48
733 0 56
980 8 85
1964 56 87
1813 94 4
1116 46 53
667 10 14
1235 36 65
732 0 15
196 20 13
1569 45 76
810 28 30
896 34 54
1124 10 42
1159 36 30
708 0 0
866 21 30
1478 36 36
930 55 48
1262 54 124
1577 52 30
1226 16 54
943 0 88
1262 116 47
943 20 41
982 16 48
841 33 39
756 6 50
856 35 64
663 0 54
1548 70 24
819 54 32
848 32 49
601 50 21
792 26 33
1206 40 32
477 0 48
938 4 42
830 57 24
906 22 26
1082 40 42
1437 26 29
633 30 58
1092 0 48
1132 79 22
921 63 22
606 8 26
653 12 86
1282 52 64
596 46 60
995 0 48