
10 0
10 1
11 0
8 2
9 0
9 3
11 2
11 0
11 3
11 0
8 4
6 2
10 2
12 0
13 2
11 0
12 0
11 0
9 0
13 0
12 1
14 1
10 3
16 0
15 2
14 2
14 0
15 0
15 0
15 2
14 1
10 0
13 2
10 2
15 0
13 0
14 2
14 1
14 2
12 2
9 2
13 0
13 1
17 0
14 2
15 2
14 4
16 2
14 2
17 0
17 0
10 6
17 2
12 0
10 6
15 0
19 0
14 3
13 2
14 2
11 2
19 0
14 2
10 2
13 3
14 2
17 2
16 0
14 2
14 1
17 0
17 2
13 0
13 0
11 5
15 0
13 2
13 1
18 0
16 0
13 0
18 0
12 4
16 0
15 2
16 2
14 3
14 0
18 1
10 4
16 0
12 0
18 0
20 0
10 2
11 0
12 2
10 0
18 0
15 2
13 2
18 0
18 0
16 2
16 2
12 5
18 2
11 2
13 0
10 2
17 0
14 2
14 3
17 0
13 0
14 0
15 3
15 0
17 2
15 0
9 2
15 0
11 4
17 0
16 0
18 2
13 4
14 0
14 0
13 4
12 4
18 0
17 0
15 4
13 2
10 3
13 2
18 2
17 0
14 0
11 2
18 0
16 2
15 1
16 0
19 0
18 0
14 2
12 4
15 0
19 0
16 2
12 4
10 2
17 2
13 2
16 2
17 0
16 0
14 2
16 1
18 0
16 0
16 2
14 0
16 2
15 2
15 2
20 0
15 0
18 0
18 0
17 0
19 0
13 2
12 2
17 0
12 1
14 4
15 4
17 0
14 2
17 0
14 5
15 3
14 2
13 0
13 4
15 0
16 0
18 0
14 2
14 0
16 0
14 2
15 0
16 2
16 0
18 0
18 2
16 2
17 0
12 4
19 0
11 5
17 0
15 0
17 0
16 2
17 0
16 0
18 0
12 2
16 0
17 1
14 2
14 0
19 0
17 0
13 2
14 0
15 0
17 0
17 0
12 2
18 2
15 0
17 0
15 0
15 0
18 0
16 2
20 0
13 0
13 4
16 0
15 2
19 0
15 1
16 2
12 5
13 3
15 2
18 0
15 2
18 0
18 0
18 0
15 2
20 0
15 0
12 2
16 2
14 4
14 2
14 0
16 0
17 2
14 2
20 0
16 2
12 2
17 0
15 3
13 2
14 2
18 0
16 0
14 0
15 2
19 0
14 0
14 4
18 0
17 0
17 2
11 7
16 0
18 0
14 3
9 4
13 0
18 0
15 0
18 0
12 4
17 0
18 0
13 4
14 2
15 2
16 0
15 2
15 0
13 4
15 0
16 3
15 0
19 0
14 2
18 0
16 0
19 0
17 2
12 2
17 0
13 2
13 2
15 2
16 0
15 0
14 2
13 4
8 8
14 4
14 0
13 2
17 0
17 2
15 2
13 1
18 0
15 2
19 0
13 2
18 0
16 2
15 1
15 2
16 0
14 2
15 0
11 1
16 2
17 0
13 0
19 0
11 2
2 0
2 0
2 0
2 0
2 0
2 0
2 0
2 0
2 0
2 0
2 0
2 0
2 0
2 0
2 0
2 0
2 0
2 0
2 0
2 0
2 0
2 0
2 0
2 0
2 0
2 0
2 0
2 0
2 0
2 0
2 0
2 0
2 0
2 0
2 0
2 0
2 0
2 0
2 0
2 0
2 0
2 0
2 0
2 0
2 0
2 0
2 0
2 0
2 0
2 0
2 0
2 0
2 0
2 0
2 0
2 0
2 0
2 0
2 0
2 0
2 0
2 0
2 0
2 0
2 0
2 0
2 0
2 0
2 0
2 0
2 0
2 0
2 0
2 0
2 0
2 0
2 0
2 0
2 0
2 0
2 0
2 0
2 0
2 0
2 0
2 0
2 0
2 0
2 0
2 0
2 0
2 0
2 0
2 0
2 0
2 0
2 0
2 0
2 0
2 0
2 0
2 0
2 0
2 0
2 0
2 0
2 0
2 0
2 0
2 0
2 0
2 0
2 0
2 0
2 0
2 0
2 0
2 0
2 0
2 0
2 0
2 0
2 0
2 0
2 0
2 0
2 0
2 0
2 0
2 0
2 0
2 0
2 0
2 0
2 0
2 0
2 0
2 0
2 0
2 0
2 0
2 0
2 0
2 0
2 0
2 0
2 0
2 0
2 0
2 0
2 0
2 0
2 0
2 0
2 0
2 0
2 0
2 0
2 0
2 0
2 0
2 0
2 0
2 0
2 0
2 0
2 0
2 0
2 0
2 0
2 0
2 0
2 0
2 0
2 0
2 0
2 0
2 0
2 0
2 0
2 0
15 2
12 5
11 1
19 0
16 2
15 3
15 2
7 6
13 4
10 8
15 3
11 6
15 1
14 2
15 0
15 0
12 2
17 0
15 0
13 3
16 0
15 2
14 0
18 0
18 0
15 0
17 0
16 0
16 0
15 2
15 2
14 2
16 0
12 4
15 2
16 0
13 2
13 2
15 2
15 0
17 0
16 0
15 2
12 4
11 1
16 2
15 2
10 5
14 0
12 5
16 0
20 0
12 4
17 1
18 0
16 2
16 0
16 0
16 0
17 0
13 0
11 3
14 2
18 0
13 2
16 0
16 0
17 2
16 2
11 2
20 0
13 4
8 4
18 0
14 2
17 0
14 0
13 2
16 0
12 4
16 2
15 0
13 4
17 0
17 0
15 1
17 2
18 0
16 2
10 3
14 2
20 0
15 2
16 0
14 2
17 0
14 2
14 2
15 2
11 3
15 0
15 3
16 0
15 2
16 0
15 1
18 0
15 1
16 2
12 3
15 2
18 0
12 3
17 0