
10 1 4 3 3 461 99 30 101 54 50 135 -72 44 -87 -66 19 -84 61 17 63 -5 115 1 
13 6 18 16 4 1751 99 27 149 119 121 171 -105 128 -88 -73 100 -94 74 97 49 1 438 12 
0 6 45 24 17 1930 99 64 213 192 106 225 -149 141 -150 -104 126 -136 89 110 42 -8 482 21 
0 2 37 15 14 1932 99 53 233 243 102 246 -174 135 -176 -114 127 -160 118 120 31 2 483 28 
3 6 36 17 12 1933 86 95 204 208 104 235 -164 124 -178 -115 133 -158 119 125 15 0 483 35 
0 5 42 8 16 1932 86 132 223 215 105 252 -174 128 -183 -113 136 -170 121 117 22 -1 483 42 
1 2 57 3 23 1934 86 120 250 276 90 261 -173 129 -218 -148 134 -204 145 134 0 3 484 49 
1 3 61 8 24 1932 86 97 257 282 87 261 -194 123 -218 -154 136 -204 151 137 -6 0 483 56 
3 4 26 5 9 943 86 97 224 188 50 239 -170 59 -226 -128 64 -187 136 66 -5 0 236 63 
12 4 10 9 2 780 86 88 141 143 36 192 -125 40 -193 -81 61 -171 86 61 -49 2 195 70 
10 3 52 13 19 1933 86 133 202 172 98 226 -186 105 -221 -170 136 -203 117 146 -33 -18 483 77 
6 6 47 8 17 1933 86 96 192 169 95 223 -162 110 -205 -125 140 -185 132 140 -24 0 483 84 
20 4 47 14 15 1931 86 123 167 144 109 200 -139 105 -213 -149 124 -194 120 146 -31 0 483 91 
8 3 33 17 11 1380 61 41 164 131 77 204 -117 86 -213 -142 90 -195 112 107 -33 -2 345 98 
6 5 52 19 19 1934 61 127 190 165 96 212 -145 98 -223 -154 138 -215 122 155 -51 0 483 105 
7 5 51 15 18 1934 61 116 213 195 99 229 -177 106 -229 -172 132 -213 139 152 -35 -2 484 112 
5 5 60 18 22 1934 61 112 214 191 93 231 -183 96 -221 -145 144 -206 129 153 -43 -1 483 119 
5 2 60 26 23 1934 61 135 210 190 96 241 -173 104 -231 -144 134 -229 119 155 -43 -1 484 126 
5 5 46 26 17 1932 61 133 211 224 87 243 -176 96 -226 -141 144 -218 130 158 -52 6 483 133 
4 2 62 18 24 1933 61 112 213 198 100 233 -176 96 -240 -160 132 -228 131 158 -50 4 483 140 
4 3 38 16 14 1933 61 102 207 172 102 226 -188 92 -225 -118 142 -216 113 151 -45 1 483 147 
0 0 21 4 8 629 61 117 235 229 27 274 -171 29 -228 -165 53 -227 125 52 -55 -6 158 154 
6 4 47 28 17 1934 61 108 236 186 81 247 -184 100 -230 -137 148 -216 124 156 -49 -8 483 161 
2 1 51 20 20 1934 61 90 210 169 103 240 -185 98 -239 -124 143 -232 128 146 -47 0 484 168 
4 2 43 22 16 1935 61 84 214 175 97 249 -168 103 -238 -139 132 -227 131 152 -40 2 483 175 
1 2 69 16 27 1935 61 115 222 230 99 257 -196 107 -248 -168 136 -233 135 145 -37 -3 484 182 
2 3 55 29 21 1932 61 133 235 219 89 244 -176 110 -254 -154 136 -244 136 153 -48 0 483 189 
3 2 43 22 16 1831 61 167 232 171 91 251 -187 103 -249 -156 129 -230 127 138 -35 -13 458 196 
6 3 56 33 21 1934 61 133 236 191 96 250 -167 107 -235 -171 131 -224 123 152 -32 -6 483 203 
7 4 52 26 19 1934 61 137 220 204 90 248 -163 109 -236 -134 140 -234 122 147 -42 0 484 210 
0 5 54 21 21 1933 61 120 230 182 98 253 -178 105 -236 -150 137 -230 131 144 -33 -5 483 217 
0 1 5 4 2 183 61 187 218 131 8 252 -143 9 -199 -52 16 -222 102 16 -39 12 46 224 
9 5 49 27 17 1934 61 105 218 170 96 231 -182 109 -249 -165 124 -241 131 157 -45 -5 483 231 
2 4 59 28 23 1934 61 173 225 201 95 237 -188 108 -248 -153 130 -245 138 157 -49 0 484 238 
0 2 21 5 8 571 61 143 244 197 28 261 -192 32 -246 -193 42 -244 146 43 -36 -17 143 245 
0 4 61 27 24 1935 61 105 228 260 88 263 -168 120 -246 -186 124 -257 133 152 -36 0 483 252 
1 6 63 26 24 1935 61 102 247 269 87 256 -185 111 -247 -197 134 -260 138 154 -47 -5 484 259 
1 4 49 25 19 1936 61 105 242 227 86 257 -179 115 -248 -158 133 -255 140 152 -45 -1 484 266 
2 4 67 26 26 1936 61 176 234 305 82 259 -186 122 -260 -209 124 -268 146 159 -48 0 484 273 
8 4 63 20 23 1936 61 81 208 242 103 253 -196 112 -254 -200 131 -262 150 141 -40 -4 484 280 
0 2 64 20 25 1935 61 180 244 333 82 268 -171 122 -260 -192 125 -252 154 155 -38 13 484 287 
1 6 54 23 20 1934 61 144 243 254 85 254 -201 114 -258 -181 128 -248 144 158 -47 -2 483 294 
3 2 61 25 23 1934 61 155 232 252 93 269 -191 106 -255 -164 146 -255 157 142 -50 3 484 301 
0 3 58 27 23 1933 61 141 239 260 84 266 -186 116 -262 -172 131 -265 154 154 -51 4 483 308 
0 5 57 34 23 1936 61 70 243 250 88 249 -162 119 -263 -181 125 -265 141 154 -48 3 484 315 
1 0 61 31 25 1934 61 114 247 241 87 267 -173 108 -255 -189 136 -256 134 155 -49 -6 484 322 
0 0 54 17 22 1935 61 144 245 255 82 262 -172 119 -263 -190 130 -249 140 154 -43 -4 483 329 
1 4 54 19 21 1935 61 101 270 330 65 279 -188 124 -249 -212 120 -260 133 178 -50 -7 484 333 
1 4 58 21 22 1935 61 122 265 361 65 288 -152 143 -251 -193 119 -274 147 158 -29 4 484 520 
0 5 59 22 23 1937 61 107 293 390 61 293 -153 141 -250 -217 112 -271 152 171 -31 6 484 527 
0 4 59 27 23 1933 61 141 260 344 68 286 -156 136 -240 -208 126 -275 148 159 -35 0 484 534 
1 5 53 27 20 1935 61 145 253 308 80 266 -183 135 -249 -211 119 -282 163 150 -32 0 483 541 
1 3 59 24 23 1933 61 137 260 300 83 281 -176 126 -253 -216 122 -283 155 156 -37 0 484 548 
1 2 64 30 25 1933 61 150 260 295 74 284 -183 126 -235 -230 119 -285 145 166 -41 -8 483 555 
0 4 54 34 22 1935 61 99 268 298 79 281 -182 124 -241 -216 123 -286 158 161 -39 0 484 562 
0 2 54 36 22 1935 61 100 252 310 75 287 -167 127 -247 -229 121 -283 150 162 -43 -3 483 569 
0 2 57 32 23 1935 61 132 254 350 77 273 -176 129 -255 -222 115 -290 135 164 -46 1 484 576 
1 2 65 31 26 1933 61 129 257 321 71 284 -187 133 -261 -228 107 -279 140 173 -41 -4 483 583 
0 2 58 26 23 1934 61 165 249 270 84 269 -188 126 -262 -230 116 -274 150 160 -41 -7 484 590 
0 8 47 27 18 1935 61 149 239 277 88 268 -180 127 -273 -215 114 -281 152 155 -40 1 484 597 
1 0 55 22 22 1933 61 152 274 288 84 280 -176 125 -263 -228 119 -276 161 157 -35 0 483 604 
0 3 58 23 23 1933 61 153 234 296 74 291 -181 133 -262 -203 122 -273 153 155 -36 -6 483 611 
0 2 60 20 24 1936 61 118 264 308 77 292 -183 130 -267 -207 120 -271 165 158 -33 2 484 618 
1 3 49 26 19 1934 61 122 263 324 80 281 -179 131 -268 -220 119 -281 152 158 -37 1 484 625 
1 3 51 28 20 1936 61 120 240 303 87 290 -203 126 -262 -223 123 -283 157 149 -35 -7 484 632 